1	0.71074
1	0.20801
1	0.5101
1	0.49333
1	0.21703
1	0.6417
1	0.26702
1	0.44465
1	0.47176
1	-0.010367
1	0.18689
1	0.34809
1	0.17719
1	0.044518
1	0.13899
1	0.21416
1	0.3597
1	0.032007
1	0.31625
1	0.35315
1	0.50253
1	0.014696
1	0.12147
1	0.42904
1	-0.18248
1	-0.088393
1	0.048967
1	0.4134
1	0.2776
1	0.31383
1	0.45101
1	0.45143
1	0.08784
1	0.41927
1	0.28287
1	0.40994
1	0.46586
1	0.5544
1	0.23754
1	0.26445
1	0.023598
1	0.16135
1	0.34082
1	0.18339
1	-0.040879
1	0.25436
1	0.095795
1	0.4385
1	0.091818
1	0.36482
1	0.082996
1	0.048912
1	0.32901
1	0.2671
1	0.23164
1	0.33831
1	0.12534
1	0.23433
1	0.11884
1	0.34374
1	0.31203
1	0.36761
1	0.40445
1	0.42197
1	0.23161
1	0.2492
1	0.45843
1	0.40467
1	0.55731
1	0.58314
1	0.35897
1	0.46972
1	0.49854
1	0.48409
1	0.51051
1	0.55886
1	0.30185
1	0.16099
1	0.37289
1	-0.32898
1	0.15843
1	0.015879
1	0.21627
1	0.296
1	0.23634
1	0.16534
1	0.20211
1	0.24908
1	0.12778
1	0.24359
1	0.40651
1	0.58339
1	0.54265
1	0.45502
1	0.43181
1	0.54975
1	0.4985
1	-0.069399
1	0.56392
1	0.9069
1	0.31668
1	0.58717
1	0.64467
1	0.26666
1	0.3346
1	0.24132
1	0.28302
1	0.42384
1	0.31438
1	0.37573
1	0.30333
1	0.092328
1	-0.086344
1	0.20984
1	0.35599
1	0.467
1	0.38281
1	0.49598
1	0.84706
1	0.1838
1	0.85245
1	0.46173
1	0.2402
1	0.463
1	0.29952
1	0.34979
1	0.3711
1	0.12652
1	0.47873
1	0.26173
1	0.16094
1	0.41063
1	0.091191
1	0.24427
1	0.55976
1	-0.0060791
1	0.14385
1	0.23498
1	0.39043
1	0.10489
1	0.092074
1	0.30029
1	0.19921
1	0.066974
1	0.13435
1	0.33518
1	0.16122
1	0.42947
1	0.2033
1	0.47819
1	0.33017
1	0.41143
1	0.21263
1	0.29555
1	0.71532
1	0.62028
1	0.355
1	0.64148
1	0.40758
1	0.59304
1	0.39735
1	-0.16602
1	0.52797
1	0.41887
1	0.23936
1	0.48852
1	0.41574
1	0.16127
1	0.56528
1	-0.22518
1	0.50843
1	0.066572
1	0.021764
1	0.47585
1	0.32592
1	0.11747
1	0.43329
1	0.37964
1	0.34512
1	0.34436
1	0.16353
1	0.092779
1	0.48723
1	0.10659
1	0.28108
1	0.58985
1	0.35924
1	0.37102
1	0.41491
1	0.29114
1	0.30683
1	0.79265
1	0.19602
1	0.52523
1	0.27508
1	0.72923
1	0.043811
1	0.2667
1	0.083075
1	0.245
1	0.36808
1	0.18546
1	-0.20002
1	0.13193
1	0.14749
1	0.38984
1	0.35196
1	0.38613
1	0.524
1	0.079679
1	-0.08331
1	0.11862
1	0.29392
1	0.14445
1	0.18381
1	0.52527
1	0.50431
1	0.58795
1	0.54425
1	-0.072697
1	0.36221
1	0.25416
1	0.56385
1	0.50228
1	0.62065
1	0.82508
1	0.25874
1	0.868
1	0.099303
1	0.46868
1	-0.29927
1	0.71306
1	0.48101
1	0.33567
1	0.31479
1	0.46512
1	0.16876
1	0.35989
1	0.40492
1	0.52784
1	0.52967
1	0.20963
1	0.49363
1	0.35242
1	0.2648
1	0.46767
1	0.54159
1	0.63369
1	0.75997
1	0.58436
1	0.46627
1	0.39336
1	0.60729
1	0.13904
1	0.67467
1	0.78173
1	0.43891
1	0.045935
1	0.37442
1	0.41427
1	-0.076609
1	0.5558
1	0.31297
1	0.41915
1	0.44049
1	0.38652
1	0.30528
1	0.13756
1	0.18696
1	0.053149
1	0.30646
1	0.27618
1	0.12507
1	0.23894
1	0.64122
1	0.029291
1	0.077921
1	0.18393
1	0.42064
1	0.45801
1	0.19959
1	0.26383
1	0.53422
1	0.27721
1	0.54324
1	0.50853
1	0.54925
1	0.75157
1	0.67136
1	0.39145
1	0.64881
1	0.35303
1	0.11393
1	0.34282
1	0.5284
1	0.55438
1	0.088079
1	0.51205
1	0.42742
1	0.47947
1	0.43689
1	0.10198
1	0.25398
1	0.26909
1	0.23358
1	0.46012
1	0.27253
1	0.20553
1	0.54083
1	0.028754
1	0.23656
1	0.37247
1	0.56733
1	0.35728
1	0.50962
1	0.37684
1	0.40259
1	0.19928
1	0.6434
1	0.15395
1	0.42073
1	0.26266
1	0.46317
1	0.28124
1	0.80224
1	0.30816
1	0.66728
1	0.32103
1	0.47214
1	0.134
1	0.17318
1	0.36757
1	0.37152
1	0.41831
1	0.24416
1	0.70192
1	0.76173
1	0.26707
1	0.42907
1	0.76428
1	0.022749
1	0.47848
1	0.23546
1	0.028123
1	0.21462
1	-0.051708
1	-0.17906
1	0.56616
1	0.55421
1	0.19433
1	0.20716
1	0.026214
1	0.80167
1	-0.083302
1	0.19279
1	0.22672
1	0.11157
1	0.3561
1	0.20639
1	0.548
1	0.61217
1	0.057343
1	-0.079248
1	-0.068937
1	0.11179
1	0.067563
1	0.093623
1	0.14602
1	0.14322
1	0.022614
1	0.37432
1	0.24221
1	0.33083
1	0.28375
1	0.26868
1	0.75689
1	0.60333
1	0.1767
1	0.46988
1	0.17956
1	0.26661
1	0.36058
1	0.70206
1	0.31371
1	0.23577
1	-0.10734
1	0.14531
1	0.2869
1	0.13072
1	0.086881
1	0.2241
1	0.32386
1	0.17413
1	0.26497
1	0.20941
1	0.38933
1	0.26472
1	0.18868
1	0.51613
1	0.079975
1	-0.16914
1	-0.025913
1	-0.15129
1	0.44715
1	0.50753
1	0.47787
1	-0.14774
1	-0.16775
1	0.56567
1	0.47409
1	-0.037173
1	0.15723
1	0.20065
1	0.13382
1	0.28303
1	0.12779
1	0.1411
1	0.2868
1	0.34535
1	0.0023271
1	0.36357
1	0.17152
1	0.065023
1	0.37381
1	0.27591
1	0.054099
1	0.24917
1	0.24678
1	0.00032275
1	0.19631
1	0.38873
1	0.33245
1	0.14964
1	0.38133
1	0.14844
1	-0.10534
1	0.57591
1	0.62758
1	0.30098
1	0.12412
1	-0.11367
1	0.80951
1	0.4882
1	0.55473
1	0.037119
1	0.58555
1	0.086854
1	0.66118
1	0.46466
1	0.52604
1	0.2377
1	0.20193
1	0.30189
1	0.48477
1	0.47427
1	0.22506
1	0.65597
1	0.5087
1	0.30511
1	0.40476
1	0.28295
1	0.49196
1	0.31321
1	0.65001
1	0.42956
1	0.40662
1	0.61211
1	0.17798
1	0.58576
1	0.5144
1	0.35384
1	0.5331
1	0.23962
1	0.17695
1	0.29778
1	0.24933
1	0.49278
1	0.18003
1	0.39289
1	0.71775
1	0.10991
1	0.30249
1	0.46553
1	0.48888
1	0.31429
1	-0.15667
1	0.21689
1	0.24399
1	0.4643
1	0.31965
1	0.061136
1	0.25808
1	0.29393
1	0.33271
1	0.44726
1	0.0074709
1	0.59332
1	0.13007
1	0.50754
1	0.75173
1	0.48152
1	0.39165
1	0.26157
1	0.66776
1	0.046096
1	0.60478
1	0.51586
1	0.41655
1	0.20658
1	0.5393
1	0.57279
1	1.117
1	0.20357
1	0.84475
1	0.40205
1	0.05371
1	0.5148
1	0.50437
1	0.62105
1	0.57471
1	0.39252
1	0.82634
1	0.95565
1	0.12441
1	0.14599
1	0.25662
1	0.59892
1	0.28711
1	0.60276
1	0.25893
1	0.037714
1	0.095029
1	0.31165
1	-0.084968
1	0.69494
1	0.45489
1	0.3856
1	0.52277
1	0.70071
1	0.32218
1	0.58719
1	0.13204
1	0.28701
1	0.53265
1	0.31007
1	0.29981
1	0.389
1	0.44632
1	-0.023357
1	-0.030577
1	0.45105
1	0.028933
1	0.29349
1	0.36191
1	0.29053
1	0.052645
1	0.41728
1	0.39258
1	0.26432
1	0.53809
1	0.34637
1	0.387
1	0.74855
1	0.55702
1	0.46636
1	0.16804
1	0.72923
1	0.56629
1	0.53939
1	0.094012
1	0.78067
1	0.57965
1	0.50841
1	0.17811
1	0.22892
1	0.26848
1	0.47438
1	0.59492
1	0.49796
1	0.48818
1	0.11031
1	0.19681
1	0.24367
1	0.32263
1	0.16279
1	0.39086
1	0.29325
1	0.0056866
1	0.016559
1	0.48889
1	0.44884
1	0.31887
1	0.77894
1	0.67746
1	0.11383
1	0.3205
1	0.31064
1	-0.11943
1	0.62008
1	0.36525
1	0.28593
1	0.62349
1	0.25403
1	0.10888
1	0.37308
1	0.37182
1	0.49573
1	0.5584
1	0.22055
1	0.60757
1	0.49825
1	-0.056296
1	0.022967
1	-0.0087432
1	-0.088238
1	0.16456
1	0.33236
1	0.39675
1	0.21167
1	0.38485
1	0.22822
1	0.4525
1	0.33971
1	0.080384
1	0.42613
1	0.4199
1	0.36464
1	0.3578
1	0.51771
1	0.29129
1	-0.030092
1	0.050609
1	0.24934
1	0.44807
1	0.18063
1	0.38124
1	0.22626
1	0.30655
1	0.19875
1	0.34862
1	0.20389
1	0.45933
1	0.44071
1	0.82046
1	0.36771
1	0.54108
1	0.33547
1	0.66122
1	0.77532
1	0.60005
1	0.55133
1	1.0655
1	-0.013483
1	1.0813
1	0.58083
1	0.1674
1	0.32019
1	0.3258
1	0.32554
1	0.20067
1	0.27753
1	0.28999
1	0.24197
1	0.24705
1	0.47842
1	0.20433
1	0.44507
1	0.15534
1	0.52112
1	0.11766
1	0.56277
1	0.63948
1	0.12996
1	0.37123
1	0.053021
1	0.16918
1	-0.15075
1	0.64876
1	0.43337
1	0.0508
1	0.53563
1	0.029943
1	0.29332
1	0.11016
1	0.30679
1	0.074026
1	0.036121
1	0.58489
1	0.39584
1	0.040155
1	0.44508
1	0.33734
1	0.18997
1	0.23066
1	0.41629
1	0.52002
1	0.05015
1	0.46481
1	0.41703
1	0.49345
1	0.0081964
1	0.50614
1	0.62686
1	0.35997
1	0.53682
1	0.50267
1	0.11056
1	0.24591
1	0.29894
1	0.47093
1	0.40715
1	0.46456
1	0.20722
1	0.46863
1	0.036124
1	0.066072
1	0.57574
1	0.15168
1	-0.059323
1	0.47402
1	0.46102
1	0.44635
1	0.41115
1	0.78778
1	0.041344
1	0.63952
1	0.21294
1	0.43781
1	0.65499
1	0.28144
1	0.7675
1	0.31761
1	0.16011
1	0.06033
1	0.14822
1	0.43868
1	0.38601
1	0.13094
1	0.45553
1	0.53069
1	0.25034
1	0.66596
1	0.41807
1	0.18344
1	0.37807
1	0.33198
1	0.25256
1	0.20818
1	0.08321
1	0.29392
1	0.45187
1	0.29612
1	0.090847
1	0.097061
1	0.23264
1	0.3027
1	0.077109
1	0.47419
1	0.36303
1	0.12728
1	0.20715
1	0.39216
1	0.38513
1	0.14273
1	-0.033233
1	0.12162
1	0.098335
1	0.29089
1	0.079726
1	0.00062806
1	0.14239
1	0.63323
1	0.30069
1	0.3733
1	0.26755
1	0.5784
1	0.35019
1	0.072799
1	0.32397
1	0.47833
1	-0.1326
1	0.56386
1	0.43391
1	0.38213
1	0.15241
1	0.31476
1	0.3413
1	0.15038
1	0.31877
1	0.51006
1	0.7
1	0.42185
1	0.1242
1	0.051289
1	0.022774
1	0.1405
1	0.5632
1	0.58383
1	0.70529
1	0.14358
1	0.53676
1	0.52051
1	0.20731
1	-0.22746
1	0.28151
1	0.26171
1	0.27207
1	0.1645
1	0.047374
1	0.456
1	0.098623
1	0.22393
1	0.038454
1	0.45829
1	0.15068
1	0.66006
1	0.65001
1	0.18969
1	0.00032484
1	0.29333
1	0.62382
1	0.33509
1	0.22578
1	0.37494
1	0.25439
1	0.07552
1	0.25028
1	0.30354
1	0.16857
1	0.55519
1	0.18445
1	0.22961
1	0.36681
1	0.50379
1	0.53208
1	0.39614
1	0.24358
1	0.32488
1	0.68839
1	0.016293
1	0.72434
1	0.17742
1	0.23796
1	0.091342
1	0.27053
1	0.028805
1	-0.11732
1	0.12645
1	0.18876
1	0.281
1	-0.095988
1	0.072803
1	0.20202
1	0.53683
1	0.52929
1	0.4266
1	0.51089
1	0.15155
1	0.71995
1	0.64485
1	0.83954
1	0.74687
1	0.10911
1	0.30223
1	0.17271
1	0.039818
1	0.3761
1	0.35294
1	0.7216
1	0.55675
1	0.92203
1	0.90747
1	0.90249
1	0.27371
1	0.43362
1	0.026854
1	0.1271
1	0.64739
1	0.15116
1	0.28545
1	0.48515
1	0.42365
1	0.43837
1	0.46864
1	0.26955
1	-0.23351
1	0.32639
1	0.75402
1	0.6747
1	0.12562
1	0.49151
1	0.25629
1	0.27381
1	0.67996
1	0.40776
1	0.70551
1	0.52577
1	0.39643
1	0.26636
1	0.18138
1	0.49192
1	0.59292
1	0.44034
1	0.7732
1	0.29339
1	0.45871
1	0.26126
1	0.20724
1	0.13047
1	-0.099264
1	0.32735
1	0.36878
1	0.21304
1	0.40535
1	0.41974
1	0.30507
1	0.29469
1	0.4228
1	0.22076
1	0.065831
1	0.22176
1	0.22217
1	0.56943
1	0.18579
1	0.45096
1	0.2567
1	0.39311
1	0.43342
1	0.82784
1	0.43458
1	0.67658
1	0.3316
1	0.093879
1	0.36494
1	0.13338
1	0.48289
1	0.37455
1	0.34971
1	0.19062
1	0.18323
1	0.32075
1	0.4742
1	0.061106
1	0.60575
1	0.44205
1	0.55901
1	0.8061
1	0.40786
1	0.64313
1	0.25846
1	0.39545
1	0.19995
1	0.38354
1	0.17051
1	0.00070472
1	0.23615
1	0.43109
1	0.43968
1	0.23281
1	0.48211
1	0.53206
1	0.19643
1	-0.074431
1	-0.14351
1	0.25493
1	0.65181
1	0.23716
1	0.36403
1	0.4301
1	0.061109
1	0.019103
1	-0.06952
1	0.37018
1	0.075939
1	0.23441
1	0.10286
1	0.20901
1	0.099187
1	0.34986
1	0.42427
1	0.2522
1	0.39476
1	-0.061968
1	0.40118
1	0.50499
1	0.73195
1	0.50785
1	0.34381
1	0.33824
1	0.36873
1	0.44565
1	0.49617
1	0.25108
1	0.14174
1	0.47944
1	0.32446
1	0.085276
1	0.16678
1	0.10629
1	0.20841
1	0.65877
1	1.1457
1	0.30044
1	0.28917
1	0.052121
1	0.98577
1	0.25929
1	0.32898
1	0.16901
1	0.67787
1	0.56997
1	0.81925
1	0.41425
1	0.33163
1	0.54112
1	-0.12586
1	0.11322
1	0.22901
1	0.53747
1	0.3036
1	0.86732
1	0.2699
1	0.10811
1	0.57693
1	0.65242
1	0.34809
1	0.68152
1	0.23873
1	0.49898
1	0.47255
1	0.47359
1	0.42891
1	0.64386
1	0.60747
1	0.4319
1	0.49172
1	0.29382
1	0.54955
1	0.18208
1	0.054246
1	0.31591
1	0.28139
1	0.1157
1	0.20459
1	0.40938
1	0.61196
1	0.18569
1	0.20769
1	0.15428
1	0.14494
1	0.075483
1	0.1793
1	0.69347
1	0.29048
1	0.33479
1	0.32103
1	0.21371
1	0.020413
1	0.2143
1	0.30721
1	0.205
1	0.22749
1	-0.24319
1	-0.0010455
1	-0.013242
1	0.5282
1	0.49337
1	0.79042
1	0.35001
1	-0.034079
1	0.34437
1	0.39347
1	0.29691
1	0.73229
1	0.31525
1	0.30052
1	0.17949
1	0.11355
1	0.22972
1	0.27095
1	0.21656
1	0.35946
1	0.4081
1	0.43779
1	0.51966
1	0.30033
1	0.24163
1	0.39779
1	0.30827
1	0.1478
1	0.26294
1	0.33691
1	0.78226
1	0.69744
1	0.13372
1	0.63985
1	0.10024
1	0.35083
1	0.26177
1	0.38341
1	-0.070421
1	0.2882
1	0.43575
1	0.33246
1	0.18012
1	0.2998
1	0.60245
1	0.53476
1	0.21916
1	0.21239
1	0.13583
1	0.12468
1	0.33786
1	0.092334
1	-0.18873
1	0.25681
1	0.034212
1	0.65266
1	0.14617
1	0.50048
1	0.56234
1	0.59844
1	0.41936
1	0.29156
1	0.13549
1	0.24977
1	0.27363
1	0.43275
1	0.55632
1	0.33713
1	-0.0047902
1	0.00091264
1	0.10706
1	0.1505
1	0.25925
1	0.42851
1	0.37669
1	0.37778
1	0.1854
1	0.42229
1	-0.0044016
1	0.41737
1	0.31362
1	0.35464
1	0.27905
1	0.38501
1	0.38613
1	0.060202
1	0.19051
1	0.13229
1	0.10719
1	0.31884
1	-0.078633
1	0.13702
1	0.2331
1	0.20184
1	0.042802
1	0.59679
1	0.12516
1	0.13151
1	0.05611
1	-0.0067893
1	-0.10888
1	0.43447
1	0.40131
1	0.38346
1	0.58667
1	0.30078
1	0.15123
1	0.14915
1	0.22336
1	0.092821
1	0.12144
1	0.072851
1	0.14465
1	0.35567
1	0.12464
1	0.60152
1	0.22153
1	0.17555
1	0.39273
1	0.48577
1	0.2924
1	-0.042348
1	0.054487
1	-0.093637
1	-0.075984
1	0.15303
1	0.2711
1	0.36992
1	0.72166
1	0.33767
1	0.56142
1	0.64349
1	0.37918
1	0.32156
1	0.12224
1	0.025328
1	0.11062
1	0.41363
1	0.30944
1	0.25711
1	0.46198
1	0.39304
1	0.2111
1	0.31907
1	0.10805
1	0.23434
1	0.15079
1	0.15856
1	0.54265
1	0.24934
1	0.38908
1	0.28369
1	0.19214
1	0.31868
1	0.39543
1	0.20044
1	0.3363
1	0.4365
1	0.5591
1	0.51148
1	0.44984
1	0.32837
1	0.025958
1	0.18913
1	0.38419
1	0.34672
1	0.24219
1	0.15681
1	0.45508
1	0.12474
1	0.42222
1	0.14795
1	0.45932
1	0.40805
1	-0.14204
1	0.10123
1	0.080139
1	0.22096
1	0.55663
1	0.10699
1	0.10695
1	0.11924
1	0.2896
1	0.23673
1	0.35215
1	0.032504
1	0.38873
1	0.55394
1	0.43222
1	0.33647
1	0.28358
1	0.67616
1	0.79699
1	0.34548
1	0.37092
1	0.070494
1	0.52865
1	0.69149
1	0.33311
1	0.55137
1	0.22145
1	0.19099
1	0.44616
1	0.44203
1	0.33499
1	0.067526
1	-0.09706
1	0.21489
1	0.2428
1	0.23381
1	0.025815
1	0.13987
1	0.21137
1	0.23193
1	0.35538
1	0.13644
1	0.4826
1	0.59276
1	0.60408
1	0.26669
1	0.57785
1	0.55177
1	0.55034
1	0.62251
1	0.36559
1	-0.093074
1	0.26744
1	0.18066
1	0.66162
1	0.41152
1	0.078052
1	0.38873
1	0.37592
1	0.62061
1	0.25235
1	0.13814
1	0.77621
1	0.23872
1	0.084453
1	0.65177
1	0.30269
1	0.52558
1	0.39478
1	0.34667
1	0.11365
1	0.2511
1	0.10136
1	0.21524
1	0.21245
1	-0.0069043
1	0.28643
1	0.02846
1	0.08681
1	-0.06592
1	0.23215
1	0.55511
1	0.38261
1	0.48782
1	0.32353
1	0.30927
1	0.35444
1	0.13644
1	0.060331
1	0.54915
1	0.21103
1	0.32892
1	0.088061
1	0.22482
1	0.14665
1	0.30983
1	0.23329
1	0.34763
1	0.3278
1	0.25777
1	0.0048402
1	0.036602
1	0.13514
1	0.24094
1	0.65065
1	0.26917
1	0.0074764
1	0.4458
1	0.0016051
1	-0.10797
1	0.14023
1	0.32094
1	0.22032
1	0.12924
1	-0.057114
1	0.081906
1	0.004035
1	0.60074
1	0.27916
1	0.11793
1	0.45783
1	0.22392
1	-0.083322
1	0.037963
1	0.27763
1	0.30178
1	0.048763
1	0.65756
1	0.31175
1	0.45967
1	0.28078
1	0.39592
1	0.098273
1	0.088738
1	0.087349
1	0.18277
1	0.24674
1	-0.13748
1	0.15559
1	-0.10192
1	0.25376
1	0.17105
1	0.35705
1	-0.034321
1	0.13684
1	0.016841
1	0.11427
1	0.12323
1	0.24006
1	0.15887
1	0.20304
1	0.33669
1	-0.024181
1	-0.13182
1	0.28064
1	0.51854
1	0.70568
1	0.20318
1	0.53591
1	-0.019263
1	0.38447
1	-0.009022
1	0.7364
1	0.51355
1	0.3321
1	-0.025313
1	0.15915
1	0.23131
1	0.090404
1	0.32009
1	-0.18753
1	0.14316
1	0.30171
1	0.154
1	0.35535
1	0.12285
1	0.2792
1	0.047361
1	0.079531
1	0.13835
1	0.39764
1	0.14872
1	0.20701
1	0.15745
1	0.33757
1	0.15332
1	0.18266
1	-0.080173
1	0.38523
1	0.57457
1	-0.052119
1	0.26622
1	0.2368
1	0.28761
1	0.27767
1	0.27283
1	0.016428
1	0.36298
1	0.38375
1	0.011822
1	0.50477
1	0.71354
1	0.46352
1	0.5658
1	0.2611
1	0.35176
1	0.20151
1	0.17517
1	0.27652
1	0.5914
1	0.59855
1	0.37636
1	0.2691
1	0.46464
1	0.086362
1	0.62021
1	0.29116
1	0.0018421
1	0.34714
1	0.61877
1	0.088969
1	0.59882
1	0.023504
1	0.41975
1	0.42359
1	0.41451
1	0.45894
1	0.21099
1	0.10515
1	0.15998
1	0.0011262
1	0.26786
1	0.18495
1	0.802
1	0.45728
1	0.19972
1	-0.046052
1	0.16276
1	-0.06559
1	0.47975
1	0.072948
1	0.39535
1	0.14962
1	0.1576
1	0.16373
1	0.18818
1	0.07413
1	0.072865
1	0.22096
1	0.27628
1	0.55257
1	0.58512
1	0.58629
1	0.57507
1	0.31512
1	0.29934
1	0.20231
1	0.16631
1	0.4518
1	-0.037913
1	0.81558
1	0.2548
1	0.50302
1	0.30654
1	0.63098
1	0.20774
1	0.20428
1	0.27987
1	0.19444
1	0.2404
1	0.32386
1	0.10689
1	0.3789
1	0.17536
1	0.19148
1	0.27541
1	-0.15795
1	0.01495
1	0.27328
1	0.4407
1	0.19009
1	0.13672
1	0.6904
1	0.41821
1	0.55006
1	0.28979
1	0.31582
1	0.3241
1	0.43041
1	0.44001
1	0.53939
1	0.22119
1	0.059953
1	0.21581
1	0.3785
1	0.76117
1	0.58244
1	0.6569
1	-0.075305
1	0.60989
1	0.31986
1	0.3886
1	0.36349
1	0.67691
1	0.39576
1	0.10923
1	0.11022
1	0.046912
1	0.042307
1	0.11974
1	0.19948
1	0.40532
1	0.44835
1	0.16473
1	0.35399
1	0.61618
1	0.32335
1	0.25684
1	0.10942
1	-0.047268
1	0.19685
1	0.11652
1	0.25095
1	0.20845
1	0.066926
1	0.48853
1	0.22229
1	0.23344
1	0.39415
1	0.32643
1	0.045501
1	0.35622
1	0.4156
1	0.3915
1	0.15495
1	0.064483
1	0.40187
1	0.091428
1	0.1524
1	0.24472
1	0.15085
1	0.14755
1	0.18799
1	0.33664
1	0.22278
1	0.6224
1	0.46165
1	0.54623
1	0.24552
1	0.71569
1	0.24124
1	0.11007
1	0.31734
1	0.11623
1	0.25818
1	0.37412
1	0.19408
1	0.19941
1	0.17229
1	0.18541
1	0.42284
1	0.13524
1	0.15151
1	0.051499
1	0.15642
1	0.039103
1	0.22208
1	-0.16159
1	0.090991
1	0.27562
1	0.095166
1	-0.15894
1	0.055741
1	0.091806
1	0.26024
1	0.2902
1	0.11143
1	0.051213
1	0.034739
1	0.45351
1	0.26218
1	0.33544
1	0.18396
1	0.15775
1	0.050059
1	0.016409
1	0.24987
1	-0.0016106
1	0.083553
1	-0.014687
1	-0.15703
1	0.3018
1	0.12495
1	0.15129
1	0.24918
1	0.1087
1	0.043275
1	-0.0029957
1	0.052036
1	0.054973
1	0.12192
1	0.043261
1	0.12598
1	0.17851
1	-0.13469
1	0.095389
1	0.12103
1	-0.044771
1	0.013374
1	-0.015985
1	-0.0066348
1	0.13105
1	0.19311
1	0.20429
1	0.52329
1	0.13738
1	-0.0054424
1	0.069288
1	0.16979
1	0.10272
1	0.20347
1	0.23645
1	0.3076
1	0.34139
1	0.05534
1	-0.094755
1	0.047185
1	0.020898
1	0.32377
1	0.20722
1	0.06877
1	0.081622
1	-0.06765
1	0.25763
1	0.29514
1	0.28326
1	0.20605
1	0.15537
1	0.16582
1	-0.047414
1	-0.15595
1	0.37256
1	0.17535
1	-0.0034692
1	0.4441
1	0.40173
1	0.42567
1	0.091558
1	-0.10302
1	0.46751
1	0.037527
1	0.14498
1	0.60713
1	0.26041
1	-0.12842
1	-0.15547
1	0.11409
1	-0.11142
1	0.19868
1	0.25368
1	0.08186
1	0.24214
1	0.21296
1	0.27355
1	0.25274
1	0.11239
1	0.10817
1	0.0045939
1	0.06156
1	0.11494
1	0.4249
1	0.0036328
1	-0.043375
1	-0.42781
1	-0.070911
1	0.29612
1	0.66308
1	0.057458
1	0.14332
1	0.076476
1	0.29576
1	0.026787
1	-0.087385
1	0.36134
1	0.15863
1	-0.11111
1	0.10327
1	0.08844
1	-0.089761
1	0.16279
1	0.098227
1	0.33357
1	0.089941
1	-0.083888
1	-0.055221
1	-0.064889
1	-0.0027238
1	-0.084664
1	0.029163
1	0.047068
1	0.44408
1	0.23501
1	0.06302
1	0.019103
1	0.29167
1	0.19604
1	0.13634
1	0.027208
1	0.15664
1	0.23959
1	0.03352
1	0.24077
1	0.097809
1	0.13466
1	-0.097126
1	0.21467
1	0.05857
1	0.112
1	0.091634
1	0.086389
1	0.019662
1	-0.011995
1	-0.0057736
1	0.12323
1	0.30207
1	-0.082906
1	0.035167
1	0.21372
1	-0.01726
1	0.13096
1	0.079862
1	0.10501
1	0.013592
1	0.0083857
1	-0.013121
1	-0.23191
1	0.2028
1	0.15172
1	0.014108
1	0.31164
1	0.21454
1	0.2546
1	0.093796
1	0.058156
1	0.096298
1	0.12442
1	0.16113
1	0.032729
1	-0.18072
1	0.16171
1	0.080945
1	-0.13762
1	0.098799
1	0.0089821
1	0.28477
1	0.13021
1	0.24032
1	0.07786
1	0.12961
1	0.20321
1	-0.058239
1	0.096635
1	-0.023889
1	0.041349
1	0.36592
1	0.022533
1	-0.02896
1	-0.0016765
1	0.23534
1	0.28884
1	0.4283
1	0.20462
1	-0.029361
1	0.043264
1	0.2409
1	0.34036
1	0.15685
1	0.10773
1	0.20093
1	0.23198
1	-0.040496
1	0.30279
1	0.18797
1	0.022147
1	-1.4229e-18
1	-1.4135e-17
1	0.017605
1	-0.0056136
1	0.00012597
1	0.058845
1	0.12722
1	0.16693
1	-3.419e-18
1	2.1855e-18
1	0.2107
1	0.00020291
1	0.11064
1	-0.03964
1	0.070012
1	0.30843
1	0.28419
1	0.082265
1	0.4106
1	0.2839
1	0.63798
1	0.037809
0	0.16822
0	-0.12217
0	-0.085019
0	-0.0047038
0	-0.010164
0	0.17075
0	0.19789
0	0.48574
0	0.043678
0	-0.082377
0	-0.0025605
0	-0.0059867
0	-0.10705
0	0.31253
0	0.069989
0	0.23937
0	0.047801
0	-0.042591
0	0.096926
0	0.017096
0	0.025625
0	-0.007764
0	0.036118
0	-0.00047249
0	0.021336
0	0.034942
0	0.06757
0	-0.055903
0	0.10748
0	-0.0010871
0	0.070266
0	-0.073087
0	0.0073936
0	-0.01663
0	0.011864
0	0.12448
0	0.11875
0	0.059189
0	-0.030402
0	-0.069889
0	-0.0040471
0	-0.053013
0	-0.070457
0	0.0029577
0	0.11683
0	-0.032665
0	0.058549
0	0.24719
0	0.053877
0	-0.13968
0	0.059357
0	0.013349
0	0.023907
0	0.25553
0	0.13745
0	0.25452
0	0.086915
0	-0.20789
0	-0.02339
0	0.30017
0	0.058628
0	0.16149
0	-0.091145
0	0.5413
0	0.10397
0	0.059643
0	-0.13514
0	0.23697
0	0.029919
0	0.017946
0	0.027413
0	0.028359
0	-0.09341
0	0.037172
0	0.067354
0	0.010849
0	0.11204
0	0.039369
0	0.014032
0	0.00036434
0	-0.087647
0	-0.12502
0	-0.027278
0	-0.16715
0	-0.023953
0	0.12969
0	0.22532
0	0.18256
0	0.0078163
0	0.04842
0	-0.084425
0	0.36743
0	0.30326
0	-0.012077
0	-0.032691
0	0.1651
0	-0.15597
0	0.061966
0	-0.1836
0	0.081191
0	0.040196
0	-0.0081129
0	-0.00032002
0	-0.036902
0	-0.051941
0	0.10529
0	0.12747
0	-0.029146
0	0.21921
0	0.0055698
0	0.068146
0	0.058429
0	0.27509
0	0.13013
0	0.070896
0	0.091561
0	0.074837
0	-0.038566
0	-0.093098
0	0.25327
0	0.33009
0	0.30621
0	0.17253
0	-0.0011853
0	0.21818
0	0.28016
0	-0.16199
0	-0.02666
0	0.23343
0	-0.027091
0	0.10098
0	-0.053145
0	0.12635
0	0.056147
0	0.39899
0	0.030343
0	0.082588
0	0.017864
0	-0.032325
0	0.096537
0	0.10801
0	0.51873
0	-0.074799
0	0.35819
0	0.004899
0	0.034338
0	0.18384
0	0.3403
0	0.26903
0	0.10013
0	-0.080419
0	-0.067172
0	0.19828
0	0.052921
0	0.0020183
0	0.10519
0	0.0030289
0	-0.00034468
0	-0.056118
0	-0.0087563
0	-0.013457
0	0.053126
0	-0.096813
0	-0.0061827
0	0.01536
0	0.042378
0	0.085031
0	-0.081857
0	0.17068
0	0.13486
0	0.028756
0	0.03085
0	0
0	-0.0089755
0	-0.11936
0	0.47297
0	-0.025915
0	0.047214
0	0.052801
0	0.26983
0	0.054633
0	-0.0031839
0	-0.0028957
0	-0.021568
0	0.028306
0	0.039305
0	0.067242
0	-0.00037952
0	0.029419
0	0.097106
0	-0.00011013
0	-0.066493
0	0.040544
0	0.020625
0	-0.088135
0	0.053816
0	0.020624
0	-0.04976
0	0.25782
0	0.11882
0	-0.17527
0	0.22493
0	-0.048216
0	-0.016696
0	-0.025513
0	-0.16514
0	0.026446
0	0.038531
0	0.10606
0	0.036149
0	0.07695
0	0.067708
0	-0.07572
0	0.10395
0	-0.031228
0	-0.017298
0	0.046385
0	-0.14047
0	-0.10394
0	0.039016
0	0.0015165
0	0.45391
0	-0.016088
0	0.020845
0	-0.038104
0	-0.070356
0	0.095929
0	-0.049663
0	-0.040661
0	-0.083514
0	0.21426
0	0.020631
0	0.010088
0	0.050809
0	-0.0028125
0	0.066001
0	-0.056992
0	0.067089
0	0.0074975
0	0.044869
0	-0.059211
0	-0.00098705
0	0.15147
0	0.09685
0	-0.0065037
0	0.41862
0	-0.11533
0	-0.051182
0	0.039536
0	0.24949
0	0.17388
0	-0.017389
0	-0.10756
0	-0.10482
0	-0.12483
0	-0.072414
0	-0.10669
0	0.057067
0	0.0021568
0	-0.12357
0	0.14049
0	0.34127
0	0.11487
0	0.42727
0	0.031814
0	0.039936
0	-0.28337
0	0.31668
0	0.14183
0	0.23051
0	-0.015312
0	0.07426
0	0.33633
0	-0.077316
0	0.041812
0	0.056953
0	0.25654
0	-0.053998
0	-0.025133
0	-0.050117
0	0.12398
0	-0.10198
0	0.030827
0	0.096477
0	1.9643e-18
0	-0.084631
0	-0.16281
0	-0.0021291
0	0.45344
0	0.24278
0	-0.00042483
0	0.037011
0	0.1039
0	0.044619
0	-0.10421
0	0.13048
0	0.23571
0	0.0011034
0	0.22516
0	-0.11472
0	-0.050835
0	-0.036252
0	0.12584
0	0.058908
0	0.081765
0	-0.11679
0	0.038802
0	-3.6942e-18
0	-0.021587
0	0.11874
0	0.084177
0	0.097872
0	-0.10759
0	-0.069764
0	0.041054
0	0.09179
0	0.11629
0	-0.066497
0	0.25766
0	-0.017231
0	-0.085545
0	0.35831
0	0.099517
0	-0.02087
0	-0.0038228
0	0.0038881
0	0.0035854
0	0.08118
0	0.063368
0	0.050049
0	-0.021219
0	0.084813
0	0.22207
0	-0.014531
0	0.35633
0	0.025497
0	0.040435
0	0.11254
0	0.1051
0	0.058735
0	-0.068368
0	-0.020603
0	-0.089176
0	0.007395
0	0.00043978
0	0.2997
0	-0.061522
0	-0.15251
0	0.13692
0	0.15125
0	0.018714
0	0.22423
0	0.019519
0	0.22681
0	-0.0015003
0	0.11267
0	-0.0049767
0	-0.13984
0	0.018494
0	-0.033863
0	0.040149
0	-0.0062098
0	-0.12872
0	0.0015993
0	0.062466
0	-0.21755
0	-0.093297
0	-0.017578
0	0.3355
0	-0.11001
0	-0.019649
0	-0.0478
0	0.25328
0	0.18453
0	0.030524
0	0.015181
0	0.0079648
0	-0.021201
0	0.028268
0	-0.096643
0	-0.022594
0	0.20688
0	-0.032981
0	-0.026498
0	-0.20875
0	0.030944
0	-0.075724
0	0.0084715
0	0.22914
0	0.034049
0	0.076444
0	0.10455
0	-0.068338
0	0.31488
0	-0.047103
0	0.16242
0	0.19106
0	0.045558
0	0.22369
0	0.085286
0	-0.0089442
0	0.23168
0	0.035305
0	0.15727
0	0.080014
0	1.9077e-18
0	0.016484
0	0.026676
0	0.052685
0	0.055811
0	0.13396
0	0.060851
0	0.070474
0	-0.22888
0	0.070209
0	0.2898
0	0.26112
0	0.0055911
0	-0.16759
0	-0.12037
0	0.0013373
0	0.019708
0	0.16266
0	-0.0094728
0	0.1542
0	0.10634
0	0.1121
0	-0.1394
0	0.0029107
0	0.042154
0	-0.032931
0	-0.035763
0	-0.0093354
0	-0.096471
0	0.13889
0	0.36226
0	0.0321
0	0.21813
0	0.070707
0	-0.017689
0	0.061593
0	0.098856
0	-0.049563
0	-0.075813
0	-0.19234
0	-0.04694
0	-0.0086514
0	0.034401
0	0.13391
0	-0.087762
0	-0.016653
0	0.025341
0	0.0036906
0	-0.18623
0	-0.26494
0	-0.013966
0	0.098154
0	0.079061
0	-0.045736
0	0.045007
0	-0.065352
0	-0.045381
0	0.017387
0	0.059164
0	0.061536
0	0.063598
0	-0.10522
0	0.24294
0	-0.025827
0	0.061374
0	0.085705
0	0.076412
0	0.19619
0	-0.011838
0	-0.049605
0	0.011286
0	0.010806
0	-0.019389
0	-0.062028
0	-0.065081
0	0.23023
0	-0.075276
0	-0.053336
0	-0.20008
0	-0.18366
0	0.091195
0	0.13917
0	0.0052859
0	0.12791
0	0.49762
0	-0.04773
0	-0.056624
0	0.086551
0	0.21164
0	0.14598
0	0.054917
0	0.11432
0	-0.038718
0	-0.039744
0	-0.093163
0	-0.18773
0	-0.04925
0	0.034924
0	-0.041608
0	0.075194
0	0.012644
0	0.10349
0	0.28268
0	0.014894
0	-0.054329
0	-0.0084433
0	0.058678
0	0.037265
0	0.44299
0	-0.037976
0	0.1626
0	0.019845
0	-6.9866e-19
0	-0.056786
0	0.13875
0	0.055589
0	0.073118
0	0.21863
0	-0.044226
0	0.022111
0	0.16438
0	0.069074
0	-0.014689
0	-0.013107
0	0.20542
0	0.055309
0	-0.0085969
0	-0.0019042
0	0.074461
0	0.19494
0	0.32332
0	0.080829
0	0.036921
0	0.11684
0	-0.060217
0	-0.00043126
0	0.098726
0	-0.075489
0	0.069266
0	-0.11122
0	0.052862
0	0.29024
0	0.038846
0	0.15449
0	0.16005
0	0.016542
0	-0.016015
0	0.14437
0	-0.076905
0	-0.059251
0	0.12937
0	0.11864
0	0.13258
0	0.059499
0	0.02391
0	0.38921
0	-0.19534
0	-0.080484
0	0.064128
0	-0.014
0	-0.094945
0	-0.051135
0	-0.017773
0	0.020074
0	-0.094369
0	0.31194
0	0.033026
0	0.059577
0	0.015982
0	0.049647
0	0.11974
0	0.00030078
0	-0.019293
0	-0.03543
0	0.20112
0	0.17032
0	-0.071664
0	0.022904
0	0.27995
0	0.16815
0	0.10407
0	0.077984
0	0.0042623
0	-0.075924
0	-0.01795
0	0.020981
0	-0.065774
0	-0.067611
0	0.0043434
0	0.091951
0	-0.044619
0	0.091058
0	-0.026821
0	0.036246
0	-0.11045
0	-0.089914
0	0.10444
0	0.19986
0	0.033949
0	0.04667
0	-0.09388
0	-0.011279
0	0.28472
0	-0.0069943
0	-0.029537
0	-0.045602
0	0.0054084
0	0.045764
0	0.080253
0	0.08513
0	-0.05184
0	0.34262
0	0.10541
0	0.020771
0	0.0056549
0	0.05222
0	0.0045143
0	0.013473
0	-0.12412
0	0.38965
0	-0.10755
0	-0.012309
0	0.043192
0	0.061584
0	-0.1116
0	-0.023296
0	0.067386
0	0.35172
0	0.15163
0	-0.19393
0	0.10808
0	0.017859
0	-0.15439
0	0.05573
0	0.31209
0	0.053711
0	0.091661
0	0.017556
0	0.032907
0	-0.002416
0	-0.011266
0	0.11166
0	-0.071423
0	-0.028718
0	0.14923
0	0.1132
0	0.034402
0	0.26489
0	-0.11892
0	-0.032892
0	-0.080799
0	0.027034
0	-0.014577
0	-0.098439
0	0.044814
0	0.030074
0	0.19447
0	-0.036597
0	0.12445
0	0.066553
0	-0.035329
0	0.1592
0	0.32356
0	0.10906
0	0.01964
0	0.048062
0	0.025689
0	0.012058
0	-0.11038
0	-0.047498
0	-0.034709
0	0.076209
0	0.36821
0	0.20648
0	0.10822
0	0.064204
0	-0.14661
0	-3.0014e-18
0	-0.032434
0	-0.046089
0	-0.060766
0	0.016595
0	-0.031005
0	-0.018998
0	0.08874
0	0.11908
0	0.15416
0	0.0011083
0	0.10563
0	0.013829
0	-0.19368
0	0.002308
0	-0.020141
0	-0.039163
0	0.15657
0	0.051957
0	0.010849
0	0.14076
0	-0.031925
0	0.053344
0	0.25031
0	0.068635
0	0.049161
0	0.045806
0	0.050708
0	-0.065028
0	0.11949
0	0.16149
0	-0.11294
0	-0.14758
0	0.028676
0	0.022489
0	0.052307
0	0.19757
0	0.038775
0	-0.093645
0	-0.065586
0	0.14112
0	-0.015732
0	0.15203
0	-0.0011472
0	-0.024188
0	-0.1015
0	0.13698
0	0.020959
0	0.21985
0	-0.059471
0	0.24456
0	0.17561
0	0.054013
0	-0.12442
0	0.079732
0	0.031672
0	-0.07321
0	0.056895
0	0.14841
0	0.31833
0	0.20729
0	0.45085
0	0.066598
0	0.042878
0	0.066536
0	-0.003253
0	0.089799
0	0.063028
0	0.15355
0	-0.10236
0	-0.047704
0	0.015178
0	-0.080372
0	-0.047126
0	-0.083196
0	0.027716
0	0.14856
0	-0.080685
0	0.21655
0	0.27403
0	0.17408
0	0.35777
0	0.045506
0	0.36482
0	0.28505
0	0.061863
0	0.076903
0	0.044393
0	0.037788
0	-0.14351
0	0.15541
0	0.065588
0	-0.0018531
0	0.22877
0	0.039299
0	-0.036919
0	0.2445
0	-0.050002
0	0.043945
0	0.018443
0	0.13969
0	-0.082806
0	0.18732
0	-0.19513
0	0.10773
0	0.38303
0	0.024513
0	0.0036573
0	-0.13348
0	-0.037888
0	0.26727
0	0.1821
0	0.082391
0	0.036973
0	0.060792
0	0.2118
0	-0.043736
0	0.015128
0	-0.058019
0	-0.0093234
0	0.29633
0	-0.030819
0	0.018964
0	0.065994
0	0.036459
0	0.21745
0	0.042904
0	0.15168
0	-0.05576
0	0.13901
0	0.13074
0	-0.0079251
0	0.041788
0	0.047768
0	0.16014
0	0.005544
0	0.069221
0	0.023445
0	-0.20078
0	0.0079268
0	-0.01552
0	0.15644
0	0.061412
0	-0.012924
0	-0.16027
0	-0.034103
0	0.18212
0	0.031357
0	0.25169
0	0.072319
0	0.41016
0	0.20879
0	-0.0042389
0	0.076581
0	0.032143
0	-0.010186
0	0.089235
0	0.068771
0	-0.050779
0	-0.040725
0	-0.007056
0	0.1305
0	0.17752
0	-0.059915
0	-0.012148
0	-0.030822
0	0.090648
0	0.069387
0	0.041991
0	0.1571
0	0.10453
0	-0.038067
0	-0.22807
0	-0.012782
0	0.023873
0	0.22754
0	-0.10154
0	-0.10792
0	0.45864
0	0.027004
0	-0.045941
0	-0.16943
0	-0.039654
0	0.042248
0	-0.01741
0	-0.111
0	0.14175
0	0.23047
0	0.36829
0	0.0024917
0	-0.11817
0	0.0022711
0	0.090402
0	0.024584
0	0.019658
0	-0.060827
0	0.080882
0	-0.014031
0	0.023262
0	0.16588
0	-0.085202
0	0.084083
0	-0.10369
0	0
0	-0.035894
0	0.19696
0	0.013293
0	-0.18127
0	0.061355
0	-0.020471
0	0.22726
0	0.31449
0	-0.0058397
0	-0.0094858
0	-0.099801
0	0.19774
0	0.19889
0	0.25583
0	-0.10013
0	-0.22152
0	-0.034851
0	-0.059102
0	0.017964
0	-0.054009
0	0.021859
0	-0.11548
0	0.28608
0	-0.0073084
0	0
0	0.19121
0	-0.0047174
0	-0.0011305
0	-0.025013
0	-0.029575
0	0.4441
0	0.25943
0	0.00070557
0	0.018335
0	0.0094161
0	-0.053039
0	-0.086409
0	-0.050527
0	-0.10567
0	0.45558
0	0
0	-0.078689
0	0.011222
0	-0.0019461
0	0.31013
0	-0.046807
0	-0.20281
0	0.044489
0	0.043448
0	-0.036484
0	0.013162
0	-0.075199
0	-0.020314
0	0.062645
0	0.01698
0	-0.017664
0	0.0033751
0	-0.10882
0	-0.0079028
0	-0.075305
0	-0.14094
0	0.16998
0	-0.077021
0	0.10829
0	0.17713
0	-0.10943
0	-0.032764
0	0.071352
0	0.078629
0	-0.0013268
0	-9.8012e-20
0	0.038212
0	0.073747
0	0.054708
0	0.19155
0	0.34606
0	0.035137
0	0.028412
0	0.0099151
0	-0.18518
0	0.18209
0	0.013954
0	0.33767
0	0.04941
0	0.024619
0	-0.12764
0	0.11772
0	0.083313
0	-0.098693
0	0.17062
0	-0.13677
0	-0.20109
0	0.049435
0	0.076298
0	0.024148
0	0.0911
0	0.12927
0	0.075766
0	-0.031913
0	0.030538
0	-0.025148
0	-0.098788
0	0.049793
0	0.064629
0	0.029167
0	-0.022468
0	0.18447
0	-0.076677
0	-0.1108
0	0.096317
0	0.22607
0	0.037145
0	0.32357
0	-0.096128
0	0.021934
0	0.011699
0	0.13817
0	-0.046016
0	5.1483e-05
0	0.001202
0	0.082298
0	0.35917
0	-0.23249
0	-0.0038644
0	0.17412
0	0.14043
0	-0.1353
0	-0.33548
0	0.049952
0	0.15451
0	0.051765
0	-0.10083
0	0.21964
0	0.051415
0	0.012289
0	-0.17058
0	-0.0041201
0	0.04337
0	0.022741
0	0.088398
0	0.079344
0	0.049121
0	0.19083
0	0.083418
0	0.08668
0	0.16978
0	0.32239
0	0.14336
0	-0.046678
0	0.052645
0	0.1712
0	0.17026
0	-0.10131
0	0.023066
0	0.029218
0	-0.030671
0	0.16516
0	-0.016029
0	-0.03566
0	-0.00016212
0	0.060927
0	-0.083615
0	0.097656
0	0.032185
0	0.077482
0	-0.085365
0	-0.039375
0	0.14893
0	0.00014681
0	0.015148
0	-0.10486
0	0.045687
0	-0.17728
0	0.053406
0	-0.114
0	-0.049725
0	-0.027095
0	0.20961
0	0.22293
0	-0.093764
0	0.051703
0	0.21887
0	-0.019211
0	0.20012
0	0.075584
0	0.11891
0	0.12257
0	0.15664
0	-0.087911
0	0.069642
0	-0.12908
0	-0.038233
0	-0.11817
0	-0.095525
0	-0.18387
0	0.0051912
0	-0.10414
0	-0.034792
0	0.15921
0	0.091869
0	-0.038516
0	0.50073
0	0.17933
0	-0.008135
0	0.20705
0	0.084989
0	0.30333
0	-0.0059244
0	0.16207
0	0.1138
0	0.19908
0	0.096377
0	0.10319
0	0.32243
0	-0.057828
0	0.22575
0	0.1234
0	0.075317
0	0.066286
0	0.0087734
0	0.4561
0	0.081929
0	0.10013
0	-0.036843
0	0.061596
0	-0.058677
0	-0.094349
0	-0.12121
0	-0.12051
0	-0.15027
0	0.15122
0	0.12669
0	0.078516
0	0.26699
0	0.0054208
0	0.13668
0	-0.13939
0	0.14429
0	0.10769
0	0.0035841
0	0.056771
0	-0.041557
0	-0.081144
0	0.065866
0	0.29269
0	-0.063338
0	0.020757
0	-0.16934
0	0.081344
0	-0.043184
0	-0.16445
0	-0.099131
0	-0.18419
0	-0.0030554
0	0.037297
0	0.26989
0	-0.01724
0	-0.0032102
0	-0.048524
0	0.28642
0	0.059342
0	0.18492
0	0.14903
0	0.074974
0	-0.21435
0	0.18479
0	0.23407
0	0.1887
0	0.047225
0	0.27777
0	0.20599
0	-0.026855
0	-0.18309
0	0.41599
0	0.022528
0	0.0030572
0	-0.10332
0	0.3189
0	-0.028014
0	-0.18427
0	0.10264
0	-0.029553
0	0.078819
0	0.12813
0	0.23877
0	-0.001774
0	-0.073032
0	-0.014218
0	0.18133
0	0.22213
0	0.17354
0	0.17875
0	0.1451
0	0.046568
0	0.15269
0	0.38538
0	-0.01916
0	0.13372
0	-0.13387
0	-0.0030669
0	-0.1151
0	-0.091247
0	0.18581
0	0.24642
0	-0.045847
0	0.016741
0	-0.081416
0	-0.025932
0	-0.16692
0	0.042381
0	0.14567
0	-0.10547
0	0.36244
0	-0.013689
0	-0.015646
0	-0.091882
0	0.31618
0	-0.074844
0	2.2151e-18
0	0.015398
0	0.2172
0	-0.028524
0	-0.018262
0	0.032057
0	0.015045
0	0.11472
0	0.17193
0	0.09788
0	0.10356
0	0.049403
0	0.011162
0	-0.023803
0	0.27567
0	-0.018014
0	-0.087938
0	0.15029
0	0.075369
0	-0.033457
0	-0.14489
0	-0.14069
0	-0.10899
0	-0.013527
0	-0.017027
0	-0.011817
0	0.24226
0	0.22061
0	0.039533
0	0.020588
0	-0.055628
0	-0.07031
0	0.060939
0	-0.011945
0	0.12538
0	-0.01325
0	-0.062293
0	-0.25337
0	0.17801
0	0.031622
0	0.20145
0	-0.044066
0	0.019855
0	0.20335
0	-0.049869
0	0.088605
0	-0.062259
0	0.09986
0	0.14381
0	0.053135
0	-0.044223
0	-0.068876
0	-0.15079
0	0.098098
0	-0.0060384
0	0.092543
0	0.052541
0	0.18043
0	0.10618
0	0.10177
0	0.063678
0	0.21506
0	0.098304
0	0.0066169
0	-0.0019477
0	0.26704
0	0.13282
0	0.057751
0	0.072843
0	-0.10824
0	0.21191
0	0.086379
0	0.14642
0	-0.0079492
0	0.16561
0	-0.018175
0	-0.062262
0	0.078092
0	0.21137
0	0.079961
0	-0.024132
0	0.016689
0	0.2623
0	-0.055413
0	0.14157
0	-0.067049
0	0.02504
0	0.014008
0	-0.026392
0	-0.050195
0	0.29848
0	-0.01335
0	-0.44997
0	-0.010197
0	0.32752
0	-0.027491
0	0.2608
0	-0.089499
0	0.40411
0	0.084978
0	0.16792
0	-0.12991
0	0.13794
0	-0.11911
0	-0.073051
0	0.07184
0	-0.0029648
0	0.069181
0	-0.0023944
0	0.13189
0	0.015583
0	0.2318
0	0.17176
0	0.16775
0	0.082426
0	0.026575
0	-0.082858
0	-0.13013
0	-0.092374
0	0.14669
0	0.048374
0	0.12329
0	0.23382
0	0.0065686
0	-0.076555
0	0.069869
0	-0.098191
0	0.49373
0	-0.027311
0	-0.039754
0	0.32779
0	-0.055661
0	0.18856
0	0.033391
0	-0.29388
0	0.041867
0	0.045395
0	0.14581
0	-0.043552
0	0.015392
0	-0.0055277
0	-0.027941
0	-0.21526
0	4.8634e-18
0	-0.13494
0	0.06084
0	-0.18274
0	0.038653
0	-0.0055725
0	0.035603
0	-0.12821
0	-0.15302
0	-0.045436
0	0.072318
0	0.10372
0	0.09355
0	-0.041923
0	0.047359
0	0.034263
0	-0.13341
0	-0.012947
0	0.25029
0	-0.16295
0	0.09236
0	-0.071492
0	-0.016267
0	0.080326
0	-0.10709
0	0.042323
0	0.01314
0	-0.015837
0	-0.037073
0	-0.021008
0	-0.055027
0	-0.087437
0	-0.017564
0	0.031951
0	0.0011555
0	0.13238
0	0.18288
0	0.24736
0	0.16926
0	-0.082195
0	-0.043952
0	-0.04953
0	0.11486
0	0.19757
0	0.090679
0	-0.072472
0	0.018477
0	-0.019402
0	0.20496
0	0.1183
0	-0.0052154
0	0.048994
0	0.036498
0	0.10704
0	0.11705
0	-0.093866
0	-0.01316
0	-0.011892
0	-0.11341
0	-0.14072
0	0.22589
0	0.10256
0	-0.0073946
0	-0.15156
0	-0.19214
0	-0.31424
0	-0.13191
0	0.014613
0	0.25413
0	0.2817
0	0.1673
0	0.015456
0	-0.011091
0	-0.018561
0	0.48463
0	0.094208
0	0.10667
0	-0.041317
0	0.13746
0	-0.00098916
0	0.046767
0	0.13728
0	-0.088864
0	0.3827
0	-0.064381
0	0.28241
0	0.12797
0	-0.1263
0	0.17629
0	0.087759
0	0.21258
0	0.054193
0	0.040431
0	0.20928
0	-0.040213
0	-0.12133
0	-0.019087
0	0.16147
0	0.036128
0	0.14813
0	-0.041064
0	-0.016576
0	0.013192
0	0.27038
0	0.0063466
0	0.027558
0	-0.0072831
0	0.18313
0	0.19854
0	0
0	0.19292
0	0.0028499
0	0.061466
0	-0.15937
0	-0.042377
0	-0.02168
0	-0.23413
0	0.2349
0	0.12724
0	0.35204
0	0.18859
0	0.083489
0	0.017524
0	-0.0030798
0	0.31195
0	0.026296
0	0.086339
0	0.091096
0	-0.023813
0	0.10825
0	0.072945
0	0.15273
0	0
0	0.06117
0	0.14714
0	0.18952
0	-0.1958
0	0.13488
0	0.29566
0	-0.0514
0	0.0076293
0	-0.020559
0	0.13771
0	0.39455
0	0.081625
0	0.16814
0	0.19878
0	0.14303
0	-0.13519
0	-0.085894
0	0.13434
0	0.013915
0	0.035913
0	-0.023398
0	0.046267
0	0.10667
0	0.031555
0	-0.065618
0	-0.081872
0	0.38126
0	0.10603
0	0.20329
0	-0.051807
0	-0.0062712
0	0.038243
0	-0.015983
0	0.082805
0	0.0055675
0	-0.0037186
0	0.093827
0	-0.039338
0	0.024825
0	0.011048
0	0.16683
0	0.14857
0	-0.14294
0	0.040589
0	-0.058182
0	0.052981
0	0.0097103
0	0.015941
0	0.021207
0	0.098701
0	0.29508
0	0.062872
0	-0.055195
0	0.16822
0	0.055373
0	0.0098569
0	0.16077
0	-0.10985
0	0.0092205
0	-0.22694
0	0.058216
0	0.070099
0	0.047322
0	-0.11679
0	0.064455
0	0.14788
0	-0.056472
0	0.024235
0	-0.046693
0	-0.08074
0	0.085251
0	0.0084128
0	-0.11153
0	0.0094041
0	-0.038814
0	0.21125
0	-0.087457
0	-0.083203
0	-0.076196
0	0.21542
0	-0.098376
0	-0.020537
0	-0.01256
0	-0.036802
0	-0.092524
0	-0.028334
0	0.09451
0	0.25074
0	0.27013
0	0.10545
0	-0.028684
0	0.020171
0	0.11658
0	0.008644
0	0.15932
0	0.093942
0	-0.047974
0	0.14948
0	0.01314
0	0.13491
0	0.15579
0	0.046679
0	0.00046342
0	0.12563
0	-0.22088
0	-0.00050476
0	-0.083153
0	-0.13887
0	0.10216
0	0.21744
0	0.026179
0	0.27395
0	-0.025454
0	0.025134
0	0.22908
0	0.044002
0	-0.17488
0	0.22691
0	0.0028121
0	-0.00035739
0	-0.019246
0	-0.22804
0	-0.097511
0	0.11416
0	0.46274
0	0.08816
0	-0.10031
0	-0.21616
0	0.050002
0	0.13471
0	0.17539
0	0.014077
0	0.11846
0	-0.046271
0	0.0081542
0	-0.034985
0	-0.12356
0	0.10971
0	0.099253
0	-1.4267e-18
0	0.049052
0	0.02121
0	0.031646
0	-0.19585
0	0.2483
0	0.093316
0	0.11262
0	-0.13351
0	0.012289
0	-0.040403
0	0.21168
0	0.022247
0	0.044877
0	0.11032
0	-0.010568
0	0.063296
0	-0.040711
0	0.25506
0	0.16618
0	0.18889
0	-0.04625
0	0.033226
0	0.037341
0	0.45658
0	-0.036
0	0.12646
0	-0.13543
0	0.27234
0	-0.21079
0	0.04195
0	-0.13783
0	0.022347
0	-0.19067
0	0.040981
0	0.25249
0	-0.090135
0	0.14713
0	0.053873
0	-0.19961
0	-0.016559
0	-0.035752
0	0.41177
0	0.09498
0	0.16405
0	0.17323
0	0.17762
0	-0.029691
0	0.10973
0	0.013049
0	0.020015
0	0.023988
0	0.19099
0	0.13205
0	-0.0012862
0	0.29272
0	-0.058967
0	0.028388
0	-0.10215
0	0.10828
0	0.089022
0	0.25084
0	0.023264
0	0.15093
0	-0.069653
0	0.22455
0	0.13515
0	-0.17871
0	0.0038513
0	-0.0065179
0	0.075414
0	-0.03964
0	0.2015
0	-0.10063
0	0.28543
0	0.092572
0	0.048392
0	0.073271
0	0.14499
0	0.42035
0	0.18683
0	-0.0069643
0	-1.9685e-18
0	0.076756
0	-0.093139
0	-0.12501
0	0.013837
0	0.12892
0	0.07588
0	0.037479
0	0.081029
0	-0.038569
0	-0.040659
0	0.20746
0	0.20071
0	-0.1029
0	-0.025391
0	0.092804
0	0.094571
0	0.4688
0	-0.056059
0	-0.068355
0	0.013159
0	0.04289
0	0.13542
0	-0.050818
0	0.011982
0	-0.10411
0	0.033242
0	-0.039393
0	0.055849
0	0.014544
0	-0.017064
0	-0.070202
0	0.013122
0	0.0017202
0	0.046794
0	0.054543
0	-0.054848
0	0.066241
0	0.19654
0	0.010949
0	0.031497
0	0.11685
0	0.085102
0	0.1146
0	-0.047565
0	0.097783
0	0.099196
0	0.09342
0	0.040785
0	0.14593
0	0.037292
0	-0.17623
0	0.12526
0	0.013612
0	0.0049174
0	-0.26387
0	0.010156
0	0.0071449
0	0.026217
0	0.10012
0	-0.072681
0	0.13964
0	-0.013828
0	-0.265
0	0.14663
0	-0.19786
0	-0.087239
0	0.30752
0	0.18695
0	0.022878
0	-0.022722
0	0.16623
0	0.026316
0	-0.032591
0	0.11851
0	-0.02473
0	-0.011774
0	0.030695
0	0.019028
0	0.061229
0	0.00034653
0	0.13473
0	-0.12589
0	-0.079721
0	0.033215
0	0.24641
0	0.2995
0	0.11093
0	0.032766
0	-0.074543
0	-0.070845
0	0.21636
0	0.028679
0	0.19462
0	0.12145
0	0.09464
0	-0.013035
0	0.022268
0	0.024678
0	0.14632
0	0.044531
0	-0.019561
0	-0.1038
0	-0.052382
0	-0.063745
0	0.0036807
0	0.2851
0	0.091386
0	-0.13526
0	-0.11494
0	0.10619
0	0.25604
0	0.1063
0	0.013941
0	-0.17348
0	-0.031606
0	-0.14363
0	0.1889
0	-0.024205
0	0.0053049
0	-0.012744
0	0.26098
0	-0.034797
0	0.04748
0	0.042955
0	0.12573
0	0.085889
0	0.28109
0	0.020345
0	0.049884
0	0.010487
0	0.11927
0	0.080825
0	0.065472
0	0.049532
0	0.041075
0	0.17404
0	0.092372
0	-0.013303
0	-0.093002
0	0.01674
