1	0.72859
1	0.75206
1	0.25046
1	0.30903
1	0.24124
1	0.72095
1	0.65707
1	0.46225
1	0.78958
1	0.21297
1	0.45379
1	0.30021
1	0.21351
1	0.35218
1	0.43901
1	0.20984
1	0.29215
1	0.25167
1	0.57488
1	0.10404
1	0.25153
1	0.40961
1	0.42298
1	0.39995
1	0.043502
1	0.32794
1	0.38234
1	0.30361
1	0.10466
1	0.049107
1	0.27722
1	0.24034
1	0.10438
1	0.22937
1	0.35216
1	0.5511
1	0.55084
1	0.19328
1	0.3601
1	0.060098
1	0.13879
1	0.10825
1	0.36659
1	0.35024
1	0.61327
1	0.20529
1	0.55053
1	0.12821
1	0.11282
1	0.27353
1	0.41802
1	0.57165
1	0.63878
1	0.44696
1	0.30655
1	0.73119
1	0.23953
1	0.30193
1	0.086443
1	0.1061
1	0.30756
1	0.52205
1	0.038424
1	0.60578
1	0.093732
1	0.14371
1	0.17386
1	0.26539
1	0.2549
1	0.44098
1	0.013384
1	0.26848
1	0.58917
1	0.70925
1	0.0023646
1	0.60506
1	0.29381
1	0.53765
1	-0.15819
1	-0.24576
1	0.31066
1	0.28662
1	0.32015
1	0.044219
1	0.34234
1	0.62231
1	0.35144
1	0.69818
1	0.25684
1	0.62112
1	0.44895
1	0.29435
1	0.48369
1	0.1975
1	0.64174
1	0.81733
1	0.25397
1	0.25506
1	0.67906
1	0.53259
1	0.30084
1	-0.13459
1	0.24619
1	0.52363
1	0.64248
1	0.29618
1	0.2634
1	0.17571
1	0.32248
1	0.22846
1	0.23647
1	-0.084844
1	-0.07139
1	-2.4113e-06
1	0.40655
1	0.13422
1	0.37636
1	0.44782
1	0.04303
1	0.54716
1	0.37698
1	0.22712
1	0.53038
1	0.53838
1	0.060358
1	0.3809
1	0.10965
1	0.51585
1	0.5156
1	0.54316
1	0.26511
1	0.66681
1	0.38005
1	0.22461
1	0.53732
1	0.13099
1	0.14231
1	0.76906
1	0.40669
1	0.28673
1	0.70535
1	0.21585
1	0.23482
1	0.4723
1	0.25267
1	0.47967
1	0.1133
1	0.10323
1	0.2278
1	0.29775
1	0.31285
1	0.21135
1	0.43305
1	0.22158
1	0.54083
1	0.43809
1	0.099945
1	0.58599
1	0.32077
1	0.47739
1	0.58534
1	0.10097
1	0.55745
1	0.36526
1	0.41298
1	0.36022
1	0.29556
1	0.38632
1	0.54323
1	0.43222
1	0.27131
1	0.38833
1	0.57571
1	0.22661
1	0.35088
1	0.33261
1	0.12713
1	0.15646
1	0.35335
1	0.46407
1	0.36586
1	0.57484
1	0.49037
1	0.61383
1	0.014916
1	0.014972
1	0.017271
1	0.078203
1	0.064962
1	0.21739
1	0.014735
1	0.42831
1	0.58269
1	0.56282
1	0.28922
1	0.42216
1	0.36852
1	0.16906
1	0.45964
1	0.47364
1	0.41211
1	0.32598
1	0.58115
1	0.23977
1	0.66026
1	0.42394
1	0.40259
1	0.61501
1	0.58643
1	0.33423
1	0.78005
1	0.4471
1	-0.1227
1	0.71263
1	0.31913
1	0.65381
1	0.91409
1	0.27229
1	-0.06823
1	0.2822
1	0.33709
1	0.73136
1	0.7941
1	0.19262
1	0.12648
1	0.4138
1	0.26381
1	0.41719
1	0.4117
1	0.67357
1	0.56485
1	0.38431
1	0.56851
1	0.092779
1	0.68354
1	0.52755
1	0.81033
1	0.33234
1	0.25663
1	0.40793
1	0.27734
1	0.92368
1	0.092848
1	0.26423
1	0.26294
1	0.28437
1	0.34401
1	0.45795
1	0.050098
1	0.37771
1	-0.039859
1	-0.24927
1	0.086226
1	0.20504
1	0.69291
1	0.37822
1	-0.03407
1	0.8106
1	0.82428
1	0.38777
1	0.30764
1	0.26176
1	0.24382
1	0.51114
1	0.10243
1	0.11894
1	0.35243
1	0.22747
1	0.45096
1	0.6505
1	0.11227
1	0.21554
1	0.10143
1	0.80992
1	0.78874
1	0.75128
1	-0.064793
1	0.68477
1	0.48226
1	0.44369
1	0.38996
1	0.21725
1	0.3023
1	0.55124
1	0.37997
1	0.47677
1	0.080327
1	0.23849
1	0.35859
1	0.12985
1	0.22101
1	0.14935
1	0.17646
1	0.32519
1	0.6593
1	0.38304
1	0.71125
1	0.22647
1	0.51088
1	0.61757
1	0.05704
1	0.48243
1	0.61951
1	-0.11806
1	0.3236
1	0.18237
1	0.37372
1	0.36804
1	0.17628
1	0.076377
1	0.11856
1	0.65274
1	0.97502
1	0.74399
1	0.22263
1	0.27463
1	0.36575
1	0.13083
1	0.13896
1	0.77909
1	0.043943
1	0.20807
1	0.70713
1	0.70302
1	0.75747
1	0.66005
1	0.67812
1	0.36774
1	0.53736
1	0.10016
1	0.7353
1	0.61803
1	0.79553
1	0.45644
1	0.2351
1	0.4942
1	0.13293
1	0.45978
1	0.35021
1	0.27789
1	0.45466
1	0.55638
1	-0.076525
1	0.020239
1	0.040559
1	0.73136
1	0.359
1	0.19972
1	0.33687
1	-0.042267
1	0.53259
1	0.097908
1	0.34854
1	0.28663
1	0.52267
1	0.72602
1	0.66707
1	0.26077
1	0.67111
1	0.45439
1	0.706
1	0.51236
1	0.48691
1	0.55229
1	0.54314
1	0.29462
1	0.60248
1	0.62248
1	0.17205
1	0.17657
1	0.30867
1	0.29813
1	0.22562
1	0.61918
1	0.33023
1	-0.064969
1	0.055123
1	0.16346
1	0.22543
1	0.77708
1	0.095686
1	0.44057
1	0.34859
1	0.38114
1	-0.14708
1	0.21628
1	0.26214
1	0.14787
1	0.28165
1	0.61555
1	0.62882
1	0.58932
1	0.1219
1	0.13519
1	0.48332
1	0.064498
1	0.26898
1	0.20977
1	0.26093
1	0.2074
1	0.43086
1	0.23775
1	0.17161
1	0.41012
1	0.065399
1	0.17096
1	0.28018
1	0.25433
1	0.34981
1	0.21543
1	0.093107
1	0.1247
1	-0.040844
1	0.31973
1	0.50821
1	0.19122
1	0.7084
1	0.33592
1	0.59213
1	0.087881
1	0.51604
1	0.19484
1	-0.034463
1	0.92484
1	0.30844
1	0.1009
1	0.078964
1	0.42553
1	0.33135
1	0.84823
1	0.31148
1	0.48337
1	0.27
1	0.41201
1	0.012204
1	0.40317
1	0.059664
1	0.54763
1	0.72335
1	0.445
1	-0.0015973
1	0.69607
1	0.34228
1	0.77704
1	0.48216
1	0.28602
1	0.43524
1	0.33846
1	0.072584
1	0.59125
1	0.53458
1	0.71329
1	0.37296
1	0.72018
1	0.35431
1	0.48623
1	0.18376
1	0.11731
1	0.59604
1	0.34519
1	0.016069
1	0.11238
1	0.26331
1	0.37036
1	-0.10556
1	0.0071405
1	0.30434
1	0.095985
1	0.67242
1	0.29024
1	0.64334
1	0.18346
1	0.16966
1	0.38231
1	0.15218
1	0.47135
1	-0.01195
1	0.19429
1	0.34093
1	0.51329
1	0.74372
1	0.17321
1	0.055676
1	0.21319
1	-0.0056648
1	0.19665
1	0.064664
1	0.34276
1	0.33756
1	0.37775
1	-0.028996
1	-0.022357
1	0.39266
1	-0.059048
1	-0.18035
1	0.50356
1	0.37173
1	0.68437
1	0.039666
1	0.065478
1	0.55896
1	0.44677
1	0.66794
1	0.28161
1	0.37535
1	0.714
1	0.22395
1	0.53092
1	0.47137
1	0.17452
1	0.24725
1	0.19881
1	0.26085
1	0.01397
1	0.33445
1	0.26554
1	0.74535
1	0.32775
1	0.45373
1	0.72314
1	0.34412
1	0.65666
1	-0.12125
1	0.51994
1	0.54162
1	0.38389
1	0.7224
1	0.76444
1	0.4628
1	0.36463
1	0.13742
1	0.20832
1	0.19214
1	0.46305
1	0.14402
1	0.49325
1	0.43075
1	0.2775
1	0.24964
1	0.36655
1	0.40834
1	0.029288
1	0.20263
1	0.00015472
1	0.14623
1	0.19481
1	0.15871
1	0.32882
1	0.26993
1	0.68774
1	0.7099
1	0.22268
1	0.43967
1	0.53276
1	0.43522
1	0.51279
1	0.47109
1	0.074954
1	0.69679
1	0.55285
1	0.68134
1	0.46873
1	0.28545
1	0.7073
1	0.79207
1	0.38372
1	0.73343
1	0.39812
1	0.59453
1	0.2655
1	0.37138
1	0.14944
1	0.52012
1	0.50201
1	0.051195
1	0.21511
1	0.0349
1	0.2081
1	0.3854
1	0.4561
1	0.64691
1	0.38738
1	-0.091586
1	0.31437
1	0.53961
1	0.2895
1	0.268
1	0.58507
1	0.44728
1	0.5544
1	0.42505
1	0.40641
1	0.41395
1	0.28404
1	0.40511
1	0.23849
1	0.58746
1	0.1005
1	-0.20747
1	-0.014403
1	-0.28161
1	0.46098
1	0.13693
1	0.087423
1	0.40056
1	0.14055
1	0.38416
1	0.57867
1	0.33393
1	0.38262
1	0.48375
1	0.14902
1	0.26639
1	0.45728
1	0.097137
1	-0.046863
1	0.46387
1	0.2561
1	0.3252
1	0.11929
1	0.41704
1	0.15586
1	0.58726
1	0.042832
1	0.52449
1	-0.09374
1	0.39006
1	0.18886
1	0.28802
1	0.22339
1	0.27527
1	0.24929
1	0.14635
1	0.31791
1	0.25179
1	0.38055
1	0.60488
1	0.47054
1	0.89456
1	0.62765
1	0.67108
1	0.22411
1	0.86517
1	0.19411
1	0.57503
1	0.64406
1	0.34076
1	0.43841
1	0.9296
1	0.051011
1	-0.26528
1	0.35329
1	0.56675
1	-0.020062
1	-0.041243
1	0.088959
1	0.23017
1	0.17649
1	0.11308
1	0.31776
1	0.42493
1	0.056759
1	0.30377
1	0.40645
1	0.66248
1	0.32504
1	0.58873
1	0.19411
1	0.63949
1	0.05383
1	0.14683
1	0.028436
1	0.14922
1	0.3493
1	0.43785
1	0.43241
1	0.83571
1	0.43012
1	0.81928
1	0.40373
1	0.19401
1	0.0014834
1	0.36673
1	0.18165
1	0.64731
1	0.27951
1	0.12832
1	0.0070706
1	0.41712
1	0.081961
1	0.59024
1	0.091406
1	0.057478
1	0.18402
1	0.3393
1	-0.052831
1	0.22384
1	0.32157
1	0.58741
1	0.067858
1	0.26195
1	0.30252
1	0.22061
1	0.32438
1	0.15211
1	0.12303
1	0.38606
1	0.30957
1	0.33481
1	0.3783
1	0.34555
1	0.30456
1	-0.064203
1	0.6362
1	-0.029316
1	0.42539
1	0.386
1	0.21841
1	0.3732
1	0.26241
1	0.34279
1	0.29249
1	0.19907
1	0.48397
1	0.44978
1	0.065411
1	0.43999
1	0.32694
1	0.26267
1	0.61344
1	0.20704
1	0.28754
1	0.50508
1	0.24853
1	0.60959
1	0.33065
1	0.28511
1	0.27935
1	0.088064
1	0.36376
1	0.31541
1	0.21528
1	0.096538
1	0.28468
1	0.50067
1	0.21159
1	0.32543
1	0.40662
1	0.02145
1	0.34624
1	0.22974
1	0.13348
1	0.19596
1	0.16475
1	0.25802
1	0.44093
1	0.22445
1	0.35872
1	0.41189
1	0.15353
1	0.19977
1	0.17547
1	0.16988
1	0.52336
1	0.40552
1	0.30136
1	0.35759
1	0.28595
1	0.11292
1	0.046959
1	0.34163
1	0.0077539
1	0.14822
1	0.15249
1	0.1818
1	0.065799
1	0.34485
1	0.29116
1	0.055102
1	0.3851
1	0.31824
1	0.39172
1	-0.048534
1	0.51855
1	0.26693
1	0.34581
1	0.094691
1	0.044812
1	0.071196
1	0.39106
1	0.23584
1	0.29288
1	0.063621
1	0.33798
1	0.1302
1	0.22324
1	0.24638
1	-0.049615
1	0.66663
1	0.072832
1	0.32902
1	0.055173
1	0.32636
1	0.3755
1	0.69482
1	0.082778
1	0.29095
1	0.20217
1	0.13188
1	0.2302
1	0.17083
1	0.10557
1	0.22706
1	0.28707
1	0.25309
1	0.31491
1	0.14901
1	0.26194
1	0.24323
1	0.47087
1	0.38789
1	0.24824
1	0.22745
1	0.6568
1	0.25899
1	0.45069
1	0.55746
1	0.41381
1	0.47614
1	0.15685
1	0.26865
1	0.51576
1	0.37202
1	0.36911
1	0.42998
1	0.37279
1	0.14949
1	0.48751
1	0.45887
1	0.18621
1	0.66243
1	0.24723
1	0.55344
1	0.28164
1	0.59013
1	0.35561
1	0.17637
1	0.068872
1	0.075213
1	-0.027608
1	0.26024
1	0.23225
1	0.44851
1	0.15013
1	-0.050006
1	0.21196
1	0.066084
1	-0.074705
1	0.19605
1	0.044409
1	0.13447
1	0.29501
1	0.5602
1	0.63851
1	0.55427
1	0.69953
1	0.578
1	0.64198
1	0.73653
1	0.55414
1	0.57122
1	0.5578
1	0.055447
1	0.1786
1	-0.015025
1	0.11624
1	0.44829
1	0.26426
1	0.36657
1	0.37953
1	0.44403
1	0.47809
1	0.80727
1	0.60643
1	0.46515
1	0.84259
1	0.73585
1	0.23436
1	0.27924
1	0.4261
1	0.28005
1	0.36928
1	0.36366
1	0.43462
1	0.12574
1	0.3736
1	0.10985
1	0.071598
1	0.33269
1	0.25021
1	0.15976
1	0.59156
1	0.68378
1	0.1596
1	0.20523
1	0.051609
1	0.81535
1	0.19083
1	0.37797
1	0.36075
1	0.42628
1	0.047662
1	0.40545
1	0.50309
1	0.34944
1	0.68814
1	0.73634
1	0.3161
1	0.33635
1	0.31422
1	0.23027
1	0.22659
1	0.42706
1	0.47422
1	0.29152
1	0.19494
1	0.67444
1	0.47405
1	0.58913
1	0.43945
1	0.54425
1	0.75218
1	0.23648
1	0.15425
1	0.28852
1	0.24511
1	0.18057
1	0.79997
1	0.18886
1	0.12644
1	0.38694
1	0.53674
1	0.44578
1	0.36083
1	0.24983
1	0.32764
1	0.30347
1	0.12506
1	0.14061
1	0.29097
1	0.23646
1	0.8014
1	0.73189
1	0.37223
1	0.15628
1	0.39117
1	0.55296
1	0.18916
1	0.49756
1	0.031377
1	0.66775
1	0.57811
1	0.49204
1	0.46197
1	0.2194
1	0.22169
1	0.48194
1	0.17791
1	0.20749
1	0.67649
1	0.52049
1	0.1779
1	0.61199
1	0.54209
1	0.36462
1	0.56692
1	0.42897
1	0.3946
1	0.5714
1	-0.04732
1	-0.19078
1	-0.013269
1	0.38291
1	0.38846
1	0.060372
1	0.23063
1	0.26537
1	0.30797
1	0.25215
1	0.087611
1	0.47765
1	0.41074
1	0.20871
1	0.20653
1	0.18226
1	0.40567
1	0.067963
1	0.022831
1	0.2892
1	0.090303
1	0.22285
1	0.10245
1	0.24962
1	0.54377
1	0.54615
1	0.44605
1	0.28923
1	0.52158
1	0.53656
1	0.41462
1	0.26275
1	0.29933
1	0.39029
1	0.28487
1	0.028965
1	0.41527
1	0.27896
1	0.88674
1	0.8429
1	0.74691
1	0.45558
1	0.6076
1	0.56786
1	0.76426
1	0.37776
1	0.11576
1	0.15758
1	0.25645
1	0.59239
1	0.29367
1	0.03554
1	0.72758
1	0.48986
1	-0.13352
1	0.16494
1	0.46629
1	0.77134
1	0.37444
1	0.54492
1	0.26173
1	0.50933
1	0.72128
1	0.035768
1	0.33193
1	0.41495
1	0.11325
1	0.31129
1	0.15496
1	0.34631
1	0.355
1	0.23006
1	0.14413
1	0.49446
1	0.39891
1	0.39711
1	0.23175
1	0.43717
1	0.31415
1	0.37983
1	-0.0026458
1	0.51226
1	0.40344
1	0.36044
1	0.42476
1	0.54548
1	0.29268
1	0.27972
1	0.43293
1	0.2791
1	0.16417
1	0.63148
1	0.32781
1	0.25763
1	0.32948
1	0.11539
1	0.017727
1	0.34185
1	0.49674
1	0.35851
1	0.4529
1	0.4759
1	0.32141
1	0.12507
1	0.47572
1	0.50794
1	-0.12372
1	-0.015891
1	0.1479
1	0.069701
1	0.19184
1	0.061255
1	0.6544
1	0.52214
1	0.47818
1	0.15926
1	0.23111
1	0.44414
1	0.42763
1	0.13882
1	0.33426
1	0.48889
1	0.24298
1	0.44843
1	0.33034
1	0.087412
1	0.40391
1	0.28954
1	0.16638
1	0.26324
1	0.38127
1	0.0044476
1	0.52037
1	0.51769
1	0.18246
1	0.41486
1	0.28115
1	0.4552
1	0.57976
1	0.34674
1	0.41273
1	0.59096
1	0.31802
1	0.64367
1	0.31567
1	0.29618
1	0.26712
1	-0.090194
1	0.16994
1	0.61323
1	0.4398
1	0.86843
1	0.23227
1	0.29193
1	-0.096136
1	0.18425
1	0.11093
1	0.15556
1	0.13808
1	0.47509
1	0.55256
1	0.68526
1	0.31354
1	0.57909
1	0.17971
1	0.35524
1	0.33901
1	0.40185
1	0.48267
1	0.3097
1	0.32371
1	0.75301
1	0.4083
1	-0.069959
1	0.18726
1	0.15447
1	0.45724
1	0.158
1	0.19945
1	0.1068
1	0.19103
1	0.30899
1	0.28058
1	0.46391
1	0.039603
1	0.23708
1	0.6971
1	0.42183
1	0.4186
1	0.021696
1	0.6009
1	0.1847
1	0.23544
1	0.36819
1	0.019923
1	0.36958
1	0.17072
1	0.18366
1	0.32296
1	0.48729
1	0.00075053
1	0.097361
1	-0.06736
1	0.18328
1	0.31837
1	0.068212
1	0.42873
1	0.47465
1	0.35982
1	0.61533
1	0.22471
1	0.11208
1	0.25835
1	0.40009
1	0.24489
1	0.53438
1	0.12999
1	0.15573
1	0.17324
1	0.56506
1	0.041597
1	0.1323
1	0.06912
1	0.31517
1	0.062068
1	0.18086
1	0.31296
1	0.55613
1	0.18651
1	0.0073052
1	0.24562
1	0.5869
1	0.2799
1	0.078076
1	-0.00056306
1	0.46503
1	0.20708
1	-0.35699
1	0.53011
1	0.30865
1	0.44898
1	0.43364
1	0.2821
1	0.09502
1	0.23644
1	0.55743
1	0.44205
1	0.082609
1	0.47051
1	0.26636
1	0.29445
1	-0.07204
1	0.040902
1	0.41428
1	0.1286
1	0.37082
1	0.33011
1	0.25405
1	0.42181
1	0.27151
1	0.086386
1	0.24713
1	0.51232
1	0.27707
1	0.39267
1	0.58683
1	0.067916
1	0.4981
1	0.43207
1	0.51829
1	0.19741
1	0.21095
1	0.48221
1	0.28037
1	0.28723
1	0.45189
1	0.14556
1	0.059954
1	0.20432
1	0.22009
1	0.14505
1	0.24927
1	0.25254
1	0.090248
1	0.1634
1	0.27182
1	0.1716
1	0.44527
1	0.12992
1	0.3086
1	0.34214
1	0.5141
1	0.061884
1	0.44734
1	0.12533
1	0.269
1	0.11059
1	0.42388
1	0.40401
1	0.04251
1	-0.15403
1	-0.12682
1	-0.002116
1	0.17655
1	0.24772
1	0.32253
1	-0.058954
1	0.10478
1	0.51
1	0.40108
1	0.42795
1	0.3659
1	0.41754
1	0.76736
1	0.87171
1	0.38558
1	0.15668
1	0.18212
1	0.28962
1	0.33165
1	0.34803
1	0.47225
1	0.41173
1	0.31413
1	0.45162
1	0.36854
1	0.16551
1	0.42908
1	0.4835
1	0.54381
1	0.10291
1	0.014722
1	0.14169
1	0.29721
1	0.1655
1	0.26974
1	0.14858
1	0.045324
1	0.29111
1	0.1868
1	0.25093
1	0.083705
1	0.03777
1	0.19262
1	0.16051
1	0.33151
1	0.49297
1	0.11866
1	0.17578
1	0.2176
1	0.27734
1	0.19615
1	0.41469
1	0.083416
1	0.13051
1	0.051973
1	0.29438
1	0.17833
1	0.066775
1	-0.36889
1	0.083714
1	0.16686
1	0.18045
1	0.096382
1	0.17013
1	0.24575
1	0.244
1	0.328
1	0.06713
1	0.061479
1	0.67711
1	0.23739
1	-0.023432
1	-0.037685
1	-0.01793
1	0.63186
1	0.29227
1	0.31092
1	0.090738
1	0.089187
1	-0.017212
1	0.13005
1	-0.096928
1	0.1503
1	0.10447
1	0.15836
1	0.028978
1	0.1716
1	0.15602
1	0.17051
1	0.070499
1	0.32742
1	0.070774
1	0.15497
1	0.14063
1	0.25575
1	0.15987
1	-0.013331
1	0.20284
1	0.61365
1	0.70666
1	0.42716
1	0.18953
1	0.50016
1	0.51913
1	-0.052942
1	0.38853
1	0.23298
1	0.033088
1	0.065629
1	-0.085292
1	0.20495
1	0.3657
1	0.1605
1	0.1778
1	0.49919
1	0.35163
1	0.60974
1	0.25752
1	0.0086446
1	0.21742
1	0.32199
1	0.14914
1	0.19191
1	0.22456
1	0.25931
1	-0.030988
1	0.13117
1	0.10896
1	-0.14558
1	0.10176
1	0.050853
1	0.31448
1	0.31038
1	-0.050314
1	0.4861
1	0.259
1	0.34673
1	0.32887
1	0.20089
1	0.16396
1	0.16094
1	0.047213
1	0.24039
1	0.2433
1	0.091988
1	0.16381
1	0.18937
1	0.18062
1	0.087296
1	0.25978
1	0.45334
1	0.29726
1	0.05558
1	0.26489
1	0.10907
1	0.1362
1	0.79076
1	0.46433
1	0.1773
1	0.30725
1	0.52844
1	0.63569
1	0.17461
1	0.42197
1	0.38839
1	0.27106
1	0.16262
1	0.51905
1	0.03441
1	0.060431
1	0.66017
1	0.30621
1	0.67743
1	0.07956
1	0.41132
1	0.37247
1	0.65675
1	0.34763
1	0.45299
1	0.36722
1	0.50141
1	0.69568
1	0.41994
1	0.20144
1	0.1292
1	0.14871
1	0.34112
1	0.29455
1	0.59113
1	0.67929
1	0.61634
1	0.64643
1	0.4671
1	0.37681
1	0.18941
1	0.18247
1	0.15432
1	0.35167
1	0.48954
1	0.26093
1	0.17187
1	-0.00066641
1	0.3401
1	0.13549
1	0.13127
1	0.10704
1	0.20871
1	0.010922
1	0.52857
1	0.56735
1	0.59374
1	-0.070571
1	0.45849
1	0.028281
1	0.22256
1	0.1909
1	0.19303
1	0.21364
1	0.24196
1	0.030656
1	0.91023
1	0.29364
1	0.4788
1	0.2886
1	0.21685
1	0.050425
1	0.29489
1	0.56659
1	0.33365
1	0.27537
1	0.61272
1	0.54351
1	0.035649
1	0.12188
1	0.24218
1	0.37004
1	0.043416
1	0.22705
1	0.31736
1	0.28653
1	0.34332
1	0.15553
1	0.14729
1	0.5005
1	-0.061253
1	-0.078814
1	0.26549
1	0.44316
1	0.13278
1	0.078769
1	0.59569
1	0.47219
1	0.16852
1	0.15
1	0.26445
1	0.44842
1	0.58705
1	-0.12338
1	0.53034
1	0.33527
1	0.32413
1	0.037215
1	0.19718
1	0.29288
1	0.52977
1	0.41041
1	0.44724
1	0.48051
1	0.3026
1	0.39077
1	0.36987
1	0.36605
1	0.52725
1	0.14855
1	-0.022495
1	0.21173
1	0.28842
1	0.19123
1	0.77962
1	0.11637
1	0.52037
1	0.55646
1	0.34175
1	0.13076
1	-0.012475
1	0.34405
1	0.30653
1	0.28163
1	-0.090978
1	0.16074
1	0.19676
1	0.18602
1	-0.048154
1	0.28567
1	0.15384
1	0.20405
1	0.29151
1	0.56065
1	0.04788
1	0.53219
1	0.094134
1	0.14054
1	0.22001
1	0.021234
1	0.22714
1	0.3748
1	0.58289
1	0.39772
1	0.47727
1	0.43672
1	0.49114
1	0.44219
1	0.15742
1	0.14577
1	-0.016771
1	0.2806
1	0.34522
1	0.18078
1	0.21483
1	0.02752
1	0.33388
1	0.29458
1	0.355
1	0.28121
1	0.20851
1	0.1392
1	0.1757
1	0.30039
1	-0.090613
1	-0.047771
1	0.11178
1	-0.020616
1	0.034773
1	0.081967
1	-0.087004
1	0.20692
1	0.0070738
1	0.11816
1	0.25627
1	0.067327
1	0.16953
1	0.071951
1	0.0085352
1	0.031582
1	-0.042814
1	0.011479
1	0.15892
1	0.19425
1	0.15843
1	-0.10936
1	0.21276
1	0.26218
1	0.16498
1	-0.12746
1	-0.17503
1	0.38065
1	-0.024628
1	0.17601
1	0.061517
1	0.17239
1	-0.2222
1	0.12689
1	0.056672
1	0.044981
1	-0.011813
1	-0.085129
1	-0.10944
1	0.083879
1	0.25409
1	-0.025747
1	0.15419
1	0.10191
1	0.18177
1	0.096582
1	0.13504
1	-0.17614
1	0.1656
1	-0.17875
1	0.0353
1	0.029111
1	0.17767
1	0.001258
1	-0.018425
1	0.13467
1	0.16318
1	-0.14019
1	9.678e-05
1	0.21777
1	0.22785
1	0.13264
1	0.018625
1	0.14048
1	0.067457
1	0.3207
1	-0.059992
1	-0.001082
1	-0.048528
1	0.089612
1	0.13522
1	0.23473
1	-0.081876
1	0.47675
1	0.24093
1	-0.0035295
1	0.2921
1	0.047055
1	0.34473
1	0.24788
1	-0.062679
1	-0.028318
1	0.016638
1	0.3451
1	0.14034
1	0.040194
1	0.11963
1	0.26858
1	0.28248
1	0.23135
1	0.084936
1	0.25877
1	0.19682
1	0.12588
1	0.13705
1	0.070118
1	0.1599
1	0.026702
1	-0.085979
1	0.010534
1	-0.2276
1	-0.027331
1	0.28949
1	0.16739
1	0.28148
1	0.13449
1	0.1937
1	0.42281
1	-0.058785
1	0.19195
1	0.18
1	0.13003
1	0.17198
1	0.085174
1	-0.056371
1	0.052715
1	0.029227
1	0.024346
1	0.012498
1	0.33662
1	0.043963
1	0.078537
1	0.18792
1	0.060482
1	0.27526
1	0.39704
1	0.22917
1	0.13976
1	0.23836
1	0.025104
1	-0.090278
1	0.088029
1	0.22642
1	0.011256
1	0.002033
1	0.010484
1	0.017816
1	0.0021791
1	0.0060423
1	0.5028
1	0.44907
1	0.18999
1	0.14032
1	0.088556
1	0.11661
1	0.13333
1	0.081223
1	0.14198
1	0.022357
1	0.28748
1	0.079676
1	0.062684
1	-0.11931
1	0.20895
1	-0.058939
1	0.22091
1	0.21116
1	-0.14411
1	0.045421
1	0.1278
1	0.16071
1	0.087593
1	0.12176
1	0.13844
1	0.028899
1	0.019833
1	0.014046
1	0.1825
1	0.047831
1	-0.12681
1	0.22468
1	0.29139
1	0.062817
1	0.21033
1	-0.0075252
1	0.027759
1	0.077653
1	0.080009
1	0.14402
1	0.19543
1	0.088574
1	0.12167
1	0.026209
1	-0.038421
1	0.003504
1	-0.06858
1	0.18703
1	0.29728
1	0.15885
1	0.0081086
1	-0.013044
1	0.065763
1	0.42318
1	0.14848
1	-0.0018758
1	0.33454
1	0.11205
1	0.188
1	0.11525
1	0.030941
1	0.40942
1	0.082363
1	0.080516
1	0.011516
1	-0.025793
1	0.098862
1	0.17938
1	0.1356
1	0.048408
1	0.15276
1	0.047779
1	0.20603
1	0.31341
1	0.12758
1	0.011424
1	-0.022302
1	0.016311
1	-6.0606e-05
1	-0.063306
1	-0.037466
1	0.10161
1	0
1	0
1	0.080623
1	-0.34438
1	0.00018578
1	0.064397
1	0.31538
1	0.13241
1	0.3431
1	0.14949
1	0.10643
1	0.11783
1	0.27292
0	0.1497
0	0.043561
0	-0.0033826
0	0.009803
0	-0.056796
0	0.24189
0	0.016178
0	-0.059556
0	0.31581
0	-0.037645
0	-0.11806
0	0.13684
0	-0.077396
0	-0.16567
0	-0.096514
0	-0.20542
0	-0.070761
0	-0.093624
0	-0.11076
0	0.039381
0	-0.084621
0	0.026729
0	0.30495
0	0.026675
0	0.30279
0	0.13448
0	0.1868
0	0.084446
0	-0.0084167
0	-0.074231
0	0.029738
0	0.18368
0	0.4137
0	-0.13086
0	-0.13065
0	-0.042533
0	0.25083
0	0.30828
0	-0.09527
0	-0.08203
0	-0.071034
0	0.18551
0	0.045784
0	0.013802
0	-0.019099
0	0.38164
0	0.043138
0	-0.010281
0	0.092917
0	0.079524
0	0.054782
0	0.31445
0	0.083251
0	0.39038
0	0.1556
0	0.091731
0	-0.070272
0	-0.043737
0	0.12176
0	-0.016294
0	0.078309
0	0.11862
0	0.24525
0	0.018897
0	0.12028
0	0.053546
0	0.22117
0	0.30097
0	-0.056396
0	-0.0050258
0	0.16367
0	0.11676
0	0.057239
0	-0.031641
0	0.057976
0	-0.092765
0	-0.00052505
0	0.066236
0	0.35494
0	-0.031388
0	-0.14106
0	0.06222
0	0.032555
0	-0.031787
0	-0.004085
0	0.093756
0	-0.13662
0	-0.0222
0	0.025463
0	-0.058806
0	0.1974
0	0.080771
0	0.011028
0	-0.047252
0	0.073601
0	0.24503
0	0.10317
0	-0.30258
0	-0.059342
0	-0.045024
0	0.069414
0	0.17681
0	-0.072602
0	-0.061618
0	-0.026562
0	0.11284
0	-0.012177
0	0.03645
0	-0.046675
0	0.015363
0	-0.052146
0	-0.029413
0	-0.081975
0	0.16564
0	-0.080696
0	0.26678
0	0.17069
0	-0.026072
0	0.0081656
0	0.065878
0	-0.0087778
0	0.071641
0	-0.03095
0	-0.10888
0	0.14146
0	-0.24103
0	0.09468
0	-0.064974
0	-0.030009
0	0.15223
0	0.10146
0	0.21202
0	0.060725
0	0.0066307
0	0.39496
0	-0.068854
0	-0.041915
0	0.28428
0	0.114
0	-0.053316
0	-0.0028271
0	-0.0076857
0	-0.018035
0	0.14637
0	0.072521
0	0.23185
0	0.17869
0	0.033065
0	0.022777
0	0.052216
0	0.18058
0	-0.010423
0	0.046334
0	-0.027492
0	0.013096
0	0.016914
0	-0.16116
0	0.11592
0	0.1702
0	0.15789
0	0.23765
0	-0.018414
0	0.052228
0	-0.041903
0	0.0069338
0	0.039176
0	5.5071e-18
0	0.041297
0	-0.32331
0	-0.025669
0	-0.15679
0	-0.016589
0	0.16745
0	-0.031746
0	0.061589
0	-0.21764
0	-0.05028
0	-0.072714
0	0.051202
0	0.20108
0	-0.001069
0	0.041052
0	0.080948
0	0.23573
0	-0.047142
0	0.00080651
0	-0.09722
0	0.23187
0	0.011063
0	0.38036
0	-0.092901
0	0.1886
0	-0.0047854
0	-0.1626
0	-0.038302
0	0.15581
0	0.30376
0	-0.035006
0	0.25641
0	0.5344
0	0.065229
0	0.34628
0	0.10297
0	0.060949
0	-0.10859
0	0.057333
0	-0.018713
0	0.32857
0	0.024468
0	0.17615
0	-0.033878
0	0.41844
0	-0.097589
0	0
0	0.078366
0	0.29771
0	-0.02426
0	0.15023
0	0.1645
0	-0.03242
0	0.12004
0	0.17814
0	-0.038967
0	0.21263
0	0.023363
0	0.14593
0	0.00042831
0	0.13795
0	0.47079
0	-0.010936
0	-0.043349
0	-0.18699
0	0.089873
0	0.097397
0	-0.052906
0	0.14609
0	0.07516
0	0.016731
0	-0.036268
0	-0.091684
0	0.25389
0	-0.056806
0	0.072891
0	-0.01989
0	-0.10973
0	0.1854
0	-0.032306
0	0.21323
0	-0.027145
0	-0.21049
0	-0.059373
0	0.035969
0	0.11817
0	0.043689
0	0.0075651
0	-0.07183
0	-0.18078
0	0.16688
0	-0.059216
0	0.085982
0	0.13197
0	-0.043272
0	-1.5723e-18
0	-0.021161
0	0.092838
0	0.021682
0	-0.16572
0	0.19604
0	-0.010792
0	0.35981
0	0.12952
0	-0.023347
0	0.14578
0	0.030936
0	0.053161
0	-0.006717
0	0.056488
0	-0.083959
0	0.17977
0	-0.039288
0	-0.0022918
0	0.17988
0	0.3802
0	0.12244
0	-0.018579
0	0.14005
0	-0.089744
0	0.13029
0	0.044977
0	0.50784
0	0.13866
0	-0.035181
0	-0.050724
0	-0.039062
0	-0.10607
0	0.2182
0	0.088411
0	-0.044947
0	-0.077899
0	0.070142
0	0.1174
0	0.010736
0	-0.029671
0	0.21573
0	0.13886
0	0.05509
0	0.043708
0	0.21286
0	0.054273
0	0.054222
0	-0.017213
0	-0.27703
0	0.065683
0	0.14873
0	0.082299
0	0.048022
0	-0.09005
0	0.015694
0	0.0064108
0	-0.073176
0	-0.014204
0	-0.064133
0	0.13362
0	0.14377
0	-0.1795
0	0.060557
0	0.069344
0	0.10083
0	-0.090948
0	-0.0012826
0	0.0038196
0	0.097476
0	-0.21068
0	0.021525
0	0.021769
0	-0.035865
0	0.11361
0	0.20186
0	0.0086416
0	-0.071295
0	0.037481
0	-0.096318
0	-0.033998
0	-0.088778
0	0.073995
0	-0.014268
0	0.14969
0	0.062581
0	0.26861
0	0.017686
0	0.2058
0	0.12506
0	-0.0047223
0	-0.082574
0	0.12153
0	0.089258
0	-4.364e-18
0	0.18304
0	0.17367
0	0.069315
0	-0.044692
0	-0.0079687
0	-0.019001
0	0.20581
0	0.05388
0	-0.02649
0	0.080755
0	0.18826
0	0.19054
0	0.0077274
0	-0.0084678
0	-0.136
0	0.07135
0	-0.31322
0	0.023188
0	0.022982
0	0.051951
0	-0.064204
0	0.13577
0	0.064519
0	-0.035055
0	-0.039116
0	0.073208
0	0.087024
0	0.083026
0	0.092787
0	0.079914
0	0.0010543
0	0.093781
0	-0.058003
0	-0.028001
0	0.027961
0	-0.18002
0	0.11348
0	-0.022887
0	0.016307
0	0.13581
0	0.034324
0	-0.010464
0	0.01254
0	0.0083284
0	0.015885
0	0.18218
0	0.038593
0	0.48069
0	0.11602
0	0.066497
0	0.1111
0	-0.045761
0	0.16595
0	0.081639
0	0.057176
0	0.16069
0	0.076607
0	-0.005287
0	-0.018473
0	0.052436
0	0.0019165
0	0.11567
0	0.18112
0	0.092928
0	0.0068355
0	-0.17972
0	0.038113
0	-0.014858
0	-0.043736
0	0.094783
0	0.14705
0	-0.098132
0	0.058898
0	0.057106
0	-0.034772
0	0.32735
0	0.033875
0	0.22561
0	-0.03895
0	0.01477
0	-0.060834
0	-0.099422
0	0.089891
0	0.2742
0	0.036345
0	-0.059142
0	0.0019885
0	-0.018973
0	-0.00054215
0	-0.037513
0	0.063937
0	0.19689
0	0.21944
0	0.016829
0	-0.1429
0	-0.043361
0	0.15487
0	0.12951
0	0.0035881
0	0.02768
0	0.37721
0	0.15191
0	0.1713
0	0.060622
0	0.0031787
0	0.038507
0	0.25143
0	-0.079156
0	0.15446
0	-0.066992
0	0.056283
0	0.48522
0	0.12854
0	-0.061394
0	0.007338
0	-0.049922
0	-0.090999
0	0.063268
0	0.092308
0	0.12758
0	-0.030756
0	-0.074089
0	0.065287
0	0.11498
0	-0.040249
0	-0.12762
0	0.076422
0	0.016706
0	0.042203
0	0.44199
0	-0.21909
0	0.0084527
0	-0.017311
0	0.16866
0	0.11682
0	0.032338
0	0.099144
0	-0.048115
0	0.084572
0	-0.082518
0	-0.0029902
0	0.058514
0	0.0099407
0	0.02142
0	0.30284
0	-0.23226
0	0.034833
0	0.018773
0	-0.031339
0	0.059897
0	-0.048864
0	-0.14606
0	0.0071022
0	0.080361
0	0.30843
0	0.12175
0	-0.0017187
0	0.068032
0	0.12601
0	-0.0012639
0	0.05974
0	0.17892
0	-0.0012787
0	0.16228
0	-0.053417
0	0.015107
0	0.084324
0	0.18541
0	0.044902
0	0.12242
0	-0.037653
0	-0.10638
0	0.43455
0	-0.0692
0	0.092752
0	0.28472
0	0.047852
0	-0.041215
0	0.13958
0	0.21659
0	0.1176
0	0.11192
0	-0.16754
0	0.21808
0	0.012349
0	0.0057502
0	0.042111
0	-0.2037
0	0.053349
0	0.026455
0	-0.060277
0	0.014135
0	0.075974
0	0.0094792
0	0.070591
0	0.029864
0	0.13828
0	-0.077484
0	-0.086274
0	0.11733
0	0.11273
0	0.34249
0	0.14109
0	-0.070215
0	0.025963
0	0.024002
0	0.020559
0	0.19449
0	0.10053
0	0
0	0.042044
0	0.0089722
0	-0.0076438
0	0.33579
0	-0.13362
0	0.21538
0	0.068721
0	-0.06291
0	0.24004
0	0.14096
0	-0.13218
0	0.16229
0	0.040486
0	0.082588
0	-0.020368
0	-0.090324
0	0.022892
0	-0.0052501
0	0.076922
0	-0.13332
0	0.14751
0	-0.068645
0	-0.055598
0	0.040555
0	0.3046
0	0.05695
0	0.14178
0	0.23724
0	0.9416
0	0.23886
0	-0.00011814
0	0.070616
0	0.040311
0	-0.12327
0	0.54125
0	0.094759
0	0.06683
0	0.14598
0	0.58151
0	0.069345
0	-0.13511
0	0.25882
0	0.056761
0	-0.052761
0	0.1335
0	-0.10669
0	-0.095675
0	0.019062
0	0.12316
0	0.08302
0	0.32061
0	0.21579
0	0.031987
0	0.032511
0	-0.26612
0	-0.0042661
0	-0.12478
0	0.47432
0	0.001496
0	-0.026408
0	0.12939
0	0.1127
0	0.040894
0	-0.028398
0	0.074779
0	-0.0061154
0	0.53763
0	-0.1327
0	0.26277
0	0.28761
0	0.078794
0	0.12114
0	-0.063461
0	0.15132
0	0.058806
0	0.12295
0	-0.010704
0	-0.049681
0	0.13885
0	0.072142
0	-0.19211
0	0.1007
0	0.0079162
0	0.16534
0	-0.054423
0	0.085038
0	-0.27376
0	-0.006803
0	0.062559
0	-0.053815
0	-0.065395
0	0.032523
0	0.054191
0	0.034308
0	0.13006
0	0.31471
0	-0.059908
0	0.058933
0	0.18529
0	-0.05172
0	0.062465
0	-0.11482
0	0.11949
0	0.090709
0	-0.043745
0	-0.10823
0	-0.12152
0	0.045467
0	0.090113
0	0.039017
0	0.070702
0	0.3032
0	0.017714
0	-0.038038
0	0.069886
0	-0.18463
0	0.1052
0	0.021021
0	0.0099741
0	-0.19777
0	-0.03177
0	0.019014
0	0.051306
0	0.037934
0	-0.0783
0	0.098616
0	0.11675
0	0.10507
0	0.092315
0	-0.071215
0	-0.082059
0	0.13915
0	0.65979
0	0.081782
0	-0.011052
0	0.0049938
0	-0.01084
0	-0.049972
0	-0.03515
0	-0.030636
0	0.022367
0	-0.10205
0	-0.0074327
0	0.11548
0	0.24972
0	-0.10775
0	-0.07366
0	-0.094764
0	0.31263
0	-0.27011
0	0.0077077
0	0.022749
0	0.020233
0	0.00076878
0	-0.086409
0	0.0062951
0	-0.18393
0	-0.0044522
0	0.17646
0	0.16057
0	0.15686
0	0.060573
0	-0.042438
0	0.06175
0	0.1205
0	-0.032793
0	-0.00018926
0	-0.15253
0	-0.09974
0	-0.075934
0	-0.044063
0	-0.28299
0	0.25023
0	0.13722
0	0.056705
0	0.085814
0	0.21176
0	0.018043
0	0.015239
0	0.0089795
0	-0.099361
0	-0.033343
0	0.0060308
0	0.068381
0	0.035578
0	-0.20535
0	0.075773
0	0.25379
0	0.074133
0	0.15904
0	-0.0051872
0	0.023662
0	0.043016
0	0.15092
0	0.20451
0	0.089854
0	-0.027385
0	0.051583
0	0.064261
0	0.048442
0	0.38888
0	-0.045239
0	0.27755
0	-0.068637
0	0.44056
0	0.060381
0	0.030742
0	0.064889
0	-0.046712
0	0.39906
0	-0.10189
0	0.085218
0	0.020221
0	0.0037317
0	-0.074775
0	0.066086
0	0.0023969
0	0.075344
0	-0.087647
0	0.034215
0	0.020099
0	0.10208
0	0.20561
0	0.015964
0	0.028453
0	-0.00048104
0	-0.36055
0	0.025902
0	0.050762
0	0.084312
0	0.034535
0	-0.11691
0	0.00048219
0	0.12361
0	0.0059921
0	0.34105
0	0.034282
0	-0.1467
0	0.041708
0	-0.11805
0	0.2951
0	0.26944
0	-0.23156
0	0.017632
0	-0.0045445
0	0.026332
0	-0.052861
0	0.068852
0	0.30314
0	-0.063159
0	0.080132
0	0.099389
0	0.19462
0	-0.10673
0	0.024604
0	-0.00016368
0	0.023346
0	0.012794
0	-0.066468
0	-0.045675
0	0.31731
0	-0.11435
0	-0.0031366
0	0.094283
0	0.16745
0	-0.006059
0	-0.022261
0	-0.051861
0	-0.08972
0	-0.080198
0	0.11843
0	0.073271
0	0.027468
0	-0.099568
0	0.0021325
0	-0.055116
0	5.5111e-18
0	0.054944
0	0.60655
0	0.1018
0	0.19993
0	0.1133
0	0.29094
0	-0.0065021
0	0.07953
0	-0.019112
0	-0.13941
0	-0.064207
0	-0.16242
0	0.055964
0	0.13186
0	0.18767
0	0.31235
0	0.36275
0	0.063943
0	0.095992
0	0.047567
0	0.037833
0	0.016394
0	0.018272
0	0.004609
0	0.020828
0	-0.12268
0	-0.045484
0	0.070221
0	0.0014577
0	0.041764
0	-0.03471
0	0.10278
0	0.0044848
0	0.34876
0	0.015637
0	0.00044691
0	0.085991
0	0.02127
0	-0.060392
0	-0.055077
0	0.021677
0	-0.21912
0	0.027484
0	0.15345
0	0.051443
0	-0.032066
0	0.24713
0	-0.1834
0	0.21083
0	-0.014879
0	-0.015514
0	-0.061794
0	-0.051286
0	0.099165
0	0.2176
0	0.13618
0	0.087839
0	0.57877
0	0.2798
0	-0.028367
0	0.13284
0	-0.016385
0	-0.12039
0	0.43811
0	0.050161
0	-0.025969
0	0.10254
0	0.16897
0	-0.013716
0	-0.024823
0	-0.1163
0	0.027767
0	-0.031145
0	-0.13018
0	0.25787
0	0.23007
0	-0.071459
0	-0.063782
0	0.15197
0	-0.020202
0	0.041762
0	0.014745
0	0.035973
0	-0.18942
0	-0.062582
0	0.21376
0	-0.12433
0	0.31555
0	-0.022705
0	0.078199
0	0.011065
0	-0.06406
0	-0.065275
0	0.21183
0	0.22442
0	-0.10665
0	0.33547
0	0.018034
0	0.12447
0	-0.02987
0	0.055447
0	0.064231
0	-0.44782
0	-0.043905
0	-0.090056
0	-0.13685
0	0.072793
0	-0.070044
0	0.094322
0	-0.043424
0	0.2619
0	-0.028957
0	0.10497
0	0.013425
0	0.13063
0	-0.031932
0	-0.050379
0	0.027377
0	0.022822
0	0.091707
0	-0.13531
0	0.016602
0	0.068857
0	0.043351
0	-0.047341
0	0.1643
0	0.15606
0	0.18989
0	-4.2314e-19
0	-0.037274
0	-0.080482
0	0.047691
0	0.054349
0	0.047581
0	-0.027835
0	0.07681
0	0.017299
0	0.048728
0	-0.079675
0	0.058588
0	-0.017858
0	0.19799
0	0.17057
0	0.0050557
0	0.030258
0	-0.033689
0	-0.13037
0	0.1713
0	0.038679
0	0.20071
0	-0.066229
0	-0.02869
0	0.11199
0	0.2351
0	0.044893
0	0.13549
0	0.040653
0	-0.35388
0	0.29039
0	-0.10273
0	-0.104
0	0.11764
0	-0.074279
0	-0.10334
0	0.02486
0	-0.10333
0	-0.10436
0	-0.046506
0	0.038278
0	-0.0067281
0	-0.067397
0	-0.048522
0	-0.060581
0	-0.028937
0	-0.042444
0	0.15782
0	0.10091
0	0.092808
0	0.31292
0	0.037009
0	0.078004
0	0.05021
0	0.20981
0	0.11584
0	-0.1891
0	0.038107
0	0.3455
0	0.023825
0	-0.10524
0	0.25975
0	-0.0074609
0	-0.00060317
0	0.031322
0	0.011277
0	0.22726
0	0.035816
0	0.014053
0	-0.010124
0	0.037297
0	-0.027822
0	0.082476
0	0.22692
0	0.14762
0	-0.15971
0	0.18107
0	-0.18109
0	0.20954
0	-0.0061353
0	-0.019221
0	-0.035316
0	-0.058689
0	0.19986
0	0.080917
0	-0.01169
0	0.43006
0	0.028972
0	-0.044319
0	-6.6978e-05
0	-0.025691
0	0.025481
0	-0.20688
0	0.01365
0	0.16851
0	0.22044
0	0.067946
0	-0.014785
0	0.089152
0	0.21761
0	0.12806
0	-0.10829
0	-0.019924
0	-0.047237
0	-0.048791
0	-0.038525
0	0.041478
0	-0.042645
0	-0.099681
0	-0.019675
0	-0.016041
0	0.093519
0	-0.062775
0	0.12749
0	0.21683
0	0.089763
0	-0.038572
0	0.14916
0	-0.024887
0	0.17678
0	-0.08878
0	0.0031662
0	0.095017
0	0.35557
0	0.049268
0	-0.035242
0	0.022337
0	0.43722
0	0.080906
0	-0.25632
0	0.016354
0	0.29594
0	0.12377
0	0.31503
0	-0.02608
0	0.29683
0	0.33172
0	-0.05057
0	-0.096924
0	-0.076722
0	-0.13053
0	0.23986
0	0.027315
0	0.1886
0	4.9143e-18
0	-0.12528
0	0.083301
0	0.16169
0	-0.04276
0	0.047465
0	0.085748
0	0.10801
0	0.015047
0	-0.0037346
0	0.26964
0	0.29723
0	-0.018625
0	-0.007397
0	-0.10028
0	0.0027123
0	-0.020337
0	0.042124
0	0.077933
0	-0.048547
0	-0.1304
0	-0.046453
0	-0.14093
0	-0.034975
0	0.043494
0	0.017916
0	0.0049224
0	0.16635
0	-0.060598
0	-0.15256
0	0.00059294
0	-0.016765
0	0.0024091
0	-0.12682
0	0.12086
0	-0.021431
0	-0.087191
0	-0.0015735
0	-2.1985e-05
0	0.0030822
0	0.15003
0	0.14153
0	0.097473
0	0.027764
0	0.0076672
0	-0.0055095
0	0.039513
0	0.031518
0	0.16621
0	0.085702
0	0.044589
0	-0.16808
0	0.058468
0	0.19024
0	0.077956
0	0.091297
0	-0.059096
0	-0.15655
0	0.00087442
0	0.057648
0	0.098039
0	0.070935
0	0.22316
0	-0.034757
0	0.27578
0	0.032119
0	-0.043934
0	-0.031371
0	0.10606
0	0.16757
0	0.07502
0	0.078869
0	0.13073
0	-0.11917
0	0.33572
0	-0.015164
0	0.1123
0	-0.15321
0	0.045989
0	0.13717
0	-0.059713
0	0.29057
0	-0.052502
0	-0.041355
0	-0.13235
0	-0.053796
0	0.067947
0	-0.0040839
0	0.025223
0	0.057466
0	0.20678
0	-0.021953
0	0.063788
0	0.2014
0	-0.0035383
0	-0.064458
0	0.096422
0	-0.0080101
0	0.044398
0	0.050349
0	0.20815
0	0.0071623
0	0.0060364
0	-0.085814
0	0.12337
0	0.51463
0	-0.08606
0	0.11686
0	0.21931
0	0.20646
0	-0.0055639
0	0.13218
0	0.028762
0	0.28492
0	0.12724
0	0.15113
0	0.036515
0	0.14417
0	0.076113
0	-0.0027415
0	0.036874
0	0.0093018
0	0.023863
0	0.038288
0	-0.027951
0	0.23821
0	-0.05325
0	0.12729
0	-0.0039001
0	-0.04281
0	-0.011073
0	-0.045224
0	0.20183
0	0.14228
0	0.10704
0	-0.003279
0	0.1122
0	0.014317
0	-0.12361
0	0.30422
0	-0.0062871
0	0.062985
0	0.17355
0	-0.010818
0	-0.015455
0	0.0035409
0	0.23486
0	0.091946
0	0.035042
0	-0.006638
0	-0.040565
0	-0.037688
0	-0.0020863
0	0.10036
0	-0.06121
0	0.058601
0	-0.21995
0	0.019065
0	-0.032575
0	0.085078
0	0.023232
0	-0.15263
0	-0.14681
0	0.01112
0	0.41243
0	0.11859
0	-0.014023
0	0.043145
0	-0.00045652
0	0.034267
0	0.19113
0	0.031069
0	0.049077
0	0.4896
0	0.035677
0	0.33501
0	0.15767
0	0.27758
0	0.078635
0	-0.047117
0	-0.11121
0	-0.057253
0	-0.020107
0	0.3423
0	-0.0093894
0	0.14744
0	0.22932
0	0.12011
0	0.2298
0	-0.17688
0	0.20692
0	-0.218
0	0.22072
0	-0.02497
0	-0.049536
0	0.01651
0	0.16251
0	-0.096738
0	-0.018013
0	0.2543
0	-0.0024956
0	-0.017501
0	0.12942
0	-0.046679
0	-0.12146
0	0.082082
0	0.15698
0	0.15313
0	-0.094897
0	0.024118
0	-0.097693
0	-0.0084775
0	0.056682
0	-0.22216
0	0.047998
0	0.0027767
0	0.021705
0	-0.11102
0	0.037386
0	0.035184
0	-0.046848
0	-0.023412
0	0.016277
0	0.021719
0	0.1835
0	0.094925
0	-0.12221
0	0.082896
0	0.041668
0	-0.092081
0	-0.0023514
0	0.16551
0	0.035422
0	0.063353
0	-0.09807
0	0.013163
0	-0.12773
0	-0.020731
0	0.35816
0	0.40015
0	0.036456
0	-0.18916
0	0.03777
0	-0.0031257
0	0.13047
0	-0.12872
0	-0.075532
0	0.14643
0	-0.096245
0	-0.13852
0	-0.037511
0	-0.098139
0	-0.035455
0	0.031503
0	-0.13265
0	0.0654
0	-0.030618
0	-0.1137
0	0.14028
0	-0.26919
0	0.023035
0	-0.023446
0	-0.13101
0	0.097753
0	0.043092
0	0.07703
0	0.058003
0	-0.060281
0	0.17876
0	0.1145
0	-0.024188
0	-0.025011
0	0.079479
0	0.090073
0	0.026286
0	0.090953
0	0.016115
0	0.12194
0	-0.1462
0	-0.0062036
0	3.7528e-18
0	-0.10293
0	0.024926
0	0.02769
0	0.092714
0	0.12216
0	0.059861
0	-0.10529
0	0.10067
0	0.008089
0	0.19573
0	-0.13581
0	0.44826
0	-0.085555
0	-0.080713
0	-0.16344
0	-0.064887
0	0.15556
0	0.040168
0	-0.058958
0	-0.0083613
0	0.046906
0	0.059376
0	-0.050722
0	0.28816
0	0.18466
0	0.039927
0	-0.057766
0	0.037077
0	0.049352
0	0.081992
0	0.36408
0	-0.17405
0	0.14256
0	0.20432
0	-0.023105
0	0.40455
0	-0.0042517
0	-0.011836
0	0.1782
0	-0.0076094
0	0.084088
0	-0.070955
0	-0.0013245
0	0.11766
0	0.15962
0	0.10877
0	-0.10796
0	-0.00043954
0	0.078777
0	0.046084
0	0.05095
0	0.085686
0	0.067235
0	0.28022
0	-0.0087422
0	0.061951
0	0.0045453
0	0.051025
0	0.0050122
0	0.21184
0	-0.0039091
0	0.058465
0	0.2554
0	0.23309
0	0.065888
0	0.083349
0	0.24528
0	0.064989
0	-0.079872
0	-0.021436
0	-0.0341
0	-0.017125
0	0.39677
0	-0.16556
0	0.2107
0	0.19518
0	0.036731
0	-0.0044132
0	0.0019998
0	0.32219
0	0.10378
0	-0.01181
0	0.17404
0	-0.015262
0	0.064673
0	-0.0061215
0	-0.030888
0	-0.02138
0	0.099406
0	0.05997
0	-0.037137
0	-0.047149
0	-0.041299
0	0.024565
0	0.21371
0	0.033476
0	0.12736
0	-0.06356
0	0.092357
0	-0.20444
0	-0.018091
0	-0.017173
0	-0.1375
0	0.076178
0	0.097949
0	0.14319
0	0.011541
0	0.0068715
0	0.028665
0	-0.058826
0	0.35068
0	-0.15135
0	-0.1061
0	-0.0053042
0	0.039745
0	-0.22783
0	0.1823
0	0.12611
0	-0.11359
0	-0.02066
0	0.14887
0	-0.044019
0	-0.063397
0	0.19298
0	0.36775
0	0.074711
0	0.10598
0	0.092227
0	0.44189
0	-0.045478
0	0.0086211
0	0.064225
0	0.037686
0	0.14518
0	0.17312
0	0.01982
0	-0.052277
0	0.18672
0	0.075692
0	0.017166
0	0.10505
0	0.0261
0	0.048088
0	9.5426e-18
0	0.045671
0	-0.081913
0	-0.062251
0	0.028523
0	0.18476
0	-0.012594
0	0.15285
0	0.20376
0	-0.0098554
0	0.065778
0	-0.039
0	-0.005133
0	0.15927
0	0.11633
0	-0.077316
0	0.046543
0	0.020536
0	0.041884
0	-0.03395
0	-0.09231
0	0.016624
0	0.15443
0	0.15065
0	-0.12753
0	0.17235
0	0.035156
0	0.056498
0	0.084539
0	-0.051757
0	0.17297
0	0.03997
0	0.0303
0	-0.11598
0	0.12737
0	-0.048834
0	0.10578
0	-0.040171
0	0.13379
0	-0.012838
0	-0.11522
0	0.010784
0	0.055865
0	0.041904
0	-0.020158
0	0.029494
0	0.053433
0	-0.00055608
0	-0.025642
0	-0.035123
0	0.042875
0	0.075849
0	0.093147
0	-0.011105
0	-0.08005
0	0.010785
0	-0.025596
0	0.17882
0	0.059944
0	0.15278
0	-0.029333
0	0.12484
0	0.38675
0	-0.0037537
0	-0.24944
0	-0.014674
0	0.057094
0	0.054997
0	-0.061463
0	0.028765
0	0.0057862
0	0.030724
0	0.13028
0	-0.025449
0	-0.1438
0	-0.030193
0	0.032742
0	0.1456
0	0.1048
0	0.1178
0	0.074767
0	0.030568
0	0.094296
0	0
0	-0.01531
0	-0.012983
0	-0.070021
0	0.0086482
0	-0.053833
0	0.1664
0	-0.070472
0	0.02148
0	0.039173
0	-0.056044
0	0.026314
0	0.12173
0	-0.048175
0	0.35959
0	-0.0017219
0	0.35935
0	0.072508
0	0.14389
0	-0.069081
0	0.17082
0	-0.076897
0	0.014264
0	0.021173
0	-0.094058
0	-0.029222
0	0.35914
0	-0.080799
0	0.070825
0	0.087206
0	0.077744
0	-0.10381
0	-0.0069304
0	-0.097775
0	0.20405
0	0.00052368
0	0.029699
0	0.075846
0	0.1605
0	0.2393
0	-0.0059004
0	0.02087
0	-0.0025818
0	0.031937
0	-0.12482
0	-0.028453
0	-0.0033155
0	0.069066
0	0.18753
0	0.082314
0	0.35717
0	0.030199
0	-0.026725
0	0.13397
0	-0.024273
0	0.20331
0	0.14105
0	-0.025895
0	0.1045
0	-0.069372
0	0.16741
0	0.042688
0	0.40847
0	0.048398
0	-0.0056295
0	0.098611
0	0.18331
0	0.00066212
0	-0.016924
0	0.24635
0	-0.0068935
0	0.11196
0	0.12908
0	0.014159
0	0.031817
0	0.040488
0	0.097724
0	0.07524
0	-0.016202
0	-0.039144
0	-0.032344
0	0.038971
0	0.048212
0	0.095269
0	0.097834
0	0.040273
0	-0.00047875
0	-0.049633
0	0.18181
0	-0.047188
0	0.14142
0	0.12354
0	0.033345
0	0.034955
0	-0.013337
0	-0.025116
0	0.0082816
0	0.077981
0	0.037006
0	-0.035709
0	-0.047754
0	0.097697
0	0.087489
0	-0.047601
0	-0.019281
0	0.31634
0	0.18123
0	0.27025
0	-0.090916
0	-0.03877
0	0.12402
0	-0.091097
0	0.00045335
0	-0.080481
0	0.24432
0	0.22413
0	-0.10664
0	0.11757
0	0.091282
0	0
0	0.055061
0	0.0099877
0	0.025081
0	0.12696
0	0.26265
0	-0.015635
0	0.0056394
0	0.020614
0	0.028835
0	0.011028
0	0.010842
0	0.015034
0	0.22063
0	-0.054596
0	-0.10692
0	-0.051391
0	0.097003
0	-0.078436
0	0.016657
0	0.047008
0	0.031511
0	0.0075926
0	-0.042379
0	0.34571
0	0.14734
0	0.13015
0	-0.049525
0	-0.0074622
0	0.043703
0	0.33288
0	0.10025
0	0.11185
0	-0.0029403
0	-0.14609
0	0.0053591
0	-0.0097436
0	0.13352
0	0.42302
0	0.049315
0	-0.0076894
0	0.064718
0	0.0004866
0	-0.087377
0	0.024639
0	-0.02836
0	0.24488
0	-0.053913
0	-0.047517
0	0.2085
0	-0.053592
0	0.17154
0	-0.16323
0	0.0054765
0	0.017723
0	0.16917
0	0.37816
0	0.11832
0	-0.13394
0	-0.062075
0	-0.12525
0	-0.052645
0	-0.022655
0	0.042787
0	0.048111
0	0.11016
0	0.15398
0	-0.036119
0	0.0066168
0	0.065951
0	-0.035081
0	0.0042574
0	0.22606
0	0.019745
0	0.11834
0	-0.052457
0	-0.046462
0	0.092169
0	-0.13411
0	0.036357
0	0.027215
0	-0.092172
0	0.17171
0	-0.043617
0	0.088604
0	0.35428
0	0.34962
0	-0.087289
0	0.23024
0	0.40092
0	-0.086752
0	-0.028932
0	0.064909
0	0.074142
0	0.075552
0	-0.046743
0	0.07659
0	0.084536
0	0.04872
