1	0.58765
1	0.30775
1	0.42434
1	0.41442
1	0.26023
1	0.055417
1	0.32488
1	0.46555
1	0.48988
1	0.3101
1	0.19937
1	0.45659
1	0.7097
1	0.074384
1	0.15858
1	0.29187
1	0.33763
1	0.39283
1	0.5799
1	0.5121
1	0.098729
1	0.29157
1	0.4904
1	0.26091
1	0.14633
1	0.29929
1	0.1149
1	0.29832
1	0.11387
1	-0.12047
1	-0.031662
1	0.156
1	0.32509
1	0.26267
1	0.097063
1	0.066319
1	0.012659
1	0.077066
1	0.27283
1	0.33495
1	0.097392
1	0.34704
1	0.10789
1	0.28957
1	0.14862
1	0.13836
1	0.07111
1	0.18649
1	0.56107
1	0.53328
1	0.4236
1	0.64079
1	0.12526
1	0.14378
1	0.16348
1	0.63596
1	0.40873
1	0.00028192
1	0.22379
1	0.1379
1	0.18431
1	0.51611
1	0.36042
1	0.068332
1	0.076102
1	0.47405
1	0.25961
1	0.14897
1	0.34422
1	0.15047
1	0.22807
1	0.39021
1	0.35335
1	0.64748
1	0.4006
1	0.42608
1	0.33991
1	0.75188
1	0.15876
1	0.50136
1	0.81833
1	0.38631
1	0.61028
1	0.087827
1	0.60551
1	0.06499
1	0.56829
1	0.061448
1	0.035758
1	0.36472
1	0.27578
1	0.052823
1	0.22328
1	0.18291
1	0.22128
1	0.26173
1	0.26793
1	0.50842
1	0.38693
1	0.52252
1	0.35557
1	0.29257
1	0.5331
1	0.19289
1	0.14788
1	0.5794
1	0.70648
1	0.73485
1	0.59517
1	0.92459
1	0.48148
1	0.19311
1	0.30211
1	0.13854
1	0.21485
1	0.1147
1	0.15903
1	0.15156
1	0.48977
1	0.12655
1	0.41946
1	0.049284
1	0.11232
1	0.052821
1	0.77656
1	0.1425
1	0.20917
1	0.28014
1	0.093224
1	0.6357
1	0.5677
1	0.65978
1	0.22431
1	0.314
1	0.57699
1	-0.063667
1	0.50132
1	0.21353
1	0.019857
1	0.16027
1	0.11555
1	0.81906
1	0.40941
1	0.11274
1	-0.12318
1	0.17688
1	0.41899
1	0.096377
1	-0.094076
1	0.11361
1	0.38874
1	0.13703
1	0.2317
1	-0.033126
1	0.43615
1	0.26968
1	0.044743
1	0.46582
1	0.66985
1	0.41096
1	0.36875
1	0.50312
1	0.13799
1	0.18423
1	0.63989
1	0.61577
1	0.48795
1	0.24183
1	0.039617
1	0.74325
1	0.7132
1	0.58367
1	0.66262
1	-0.11857
1	0.48747
1	0.19605
1	0.7015
1	0.30159
1	0.57026
1	0.13315
1	0.53696
1	0.38434
1	0.29713
1	0.30728
1	0.49278
1	0.069155
1	0.36726
1	0.42339
1	0.028598
1	0.40143
1	0.53224
1	0.3782
1	0.21075
1	0.084168
1	0.28445
1	0.46243
1	0.38727
1	0.56901
1	0.11575
1	0.6266
1	0.54138
1	0.37498
1	0.22133
1	0.28099
1	0.44741
1	0.56946
1	0.39546
1	-0.16886
1	0.64121
1	0.58806
1	0.37018
1	0.31611
1	0.86341
1	0.14354
1	0.17288
1	0.06372
1	-0.084737
1	0.24321
1	-0.092912
1	0.10125
1	-0.0010511
1	0.35962
1	0.36613
1	0.5785
1	0.39417
1	0.42907
1	0.2976
1	0.38603
1	0.45096
1	0.5764
1	0.22109
1	0.47745
1	0.29952
1	0.63428
1	0.32011
1	0.16095
1	0.37735
1	0.41926
1	0.28459
1	0.10497
1	0.18947
1	0.15805
1	0.5789
1	0.60681
1	0.52444
1	0.43738
1	0.46321
1	0.66606
1	0.35757
1	0.51931
1	0.37113
1	0.63651
1	0.34853
1	0.26173
1	0.39768
1	0.31847
1	0.29204
1	0.61056
1	0.60351
1	0.6007
1	0.36017
1	0.52887
1	0.57237
1	0.24311
1	0.57077
1	0.27967
1	0.14879
1	0.49153
1	0.15065
1	0.51393
1	0.60083
1	0.67176
1	0.43067
1	0.28311
1	0.33114
1	0.18779
1	0.27431
1	0.62872
1	0.38105
1	0.27551
1	0.18467
1	0.33395
1	0.38507
1	0.12848
1	0.36689
1	0.35797
1	0.36946
1	0.081636
1	0.2563
1	0.26703
1	0.30326
1	0.10553
1	0.067347
1	0.8806
1	0.51515
1	0.29143
1	0.4018
1	0.42831
1	0.12984
1	0.48279
1	0.11416
1	0.23494
1	0.4782
1	0.23659
1	0.3646
1	0.15589
1	0.70551
1	0.1471
1	0.58726
1	0.5103
1	0.2667
1	0.26986
1	0.51524
1	0.55773
1	0.18715
1	0.23898
1	0.62542
1	0.61294
1	0.64976
1	0.48491
1	0.1417
1	0.30066
1	0.22264
1	0.26928
1	0.32661
1	0.48227
1	0.37982
1	-0.024833
1	0.58761
1	0.5498
1	0.12864
1	0.17097
1	0.20008
1	0.23668
1	0.90455
1	0.65701
1	0.2871
1	0.15905
1	0.51322
1	0.36608
1	0.37953
1	0.22004
1	0.18003
1	0.66003
1	0.48937
1	0.54803
1	0.28716
1	0.39109
1	0.37553
1	0.75078
1	0.51394
1	0.62089
1	0.44867
1	-0.050939
1	0.023769
1	0.086244
1	0.23999
1	0.079631
1	0.18151
1	0.1208
1	-0.0025257
1	0.44985
1	0.17144
1	0.11472
1	0.18435
1	0.61461
1	0.41889
1	0.23956
1	0.21399
1	0.42043
1	0.43736
1	0.459
1	0.050921
1	0.013895
1	0.10795
1	-0.14211
1	0.22653
1	0.55512
1	0.2097
1	0.48024
1	0.43289
1	0.30017
1	0.053092
1	0.35794
1	0.34967
1	0.14393
1	-0.026352
1	0.31964
1	0.28517
1	0.43712
1	-0.019475
1	0.39824
1	0.45542
1	0.6605
1	0.54976
1	-0.030625
1	0.020101
1	0.00047293
1	0.0011484
1	-0.064792
1	0.23929
1	0.25133
1	0.4725
1	0.30419
1	0.56835
1	0.83847
1	0.062901
1	0.47677
1	0.31258
1	0.15686
1	0.35275
1	-0.096766
1	0.22129
1	0.10462
1	0.61415
1	0.60664
1	0.50124
1	0.36117
1	0.32408
1	0.21896
1	0.36522
1	0.17852
1	0.17762
1	0.33382
1	0.13256
1	0.39207
1	0.25381
1	-0.11697
1	0.32376
1	0.33766
1	0.2908
1	0.39567
1	0.18728
1	0.08019
1	0.89985
1	0.47647
1	0.26129
1	0.36694
1	0.25618
1	0.33252
1	0.5921
1	0.5335
1	0.29637
1	0.23395
1	0.26718
1	0.11911
1	0.18819
1	0.67124
1	0.29707
1	0.50521
1	1.0391
1	0.28193
1	0.74372
1	0.52678
1	0.80828
1	0.80929
1	0.6367
1	0.29602
1	0.69102
1	0.64428
1	0.53811
1	0.2269
1	0.805
1	0.31578
1	0.56052
1	-0.050587
1	-0.027642
1	0.23614
1	0.31269
1	0.76234
1	0.78431
1	0.24456
1	0.4033
1	0.43028
1	0.039067
1	0.24007
1	0.5611
1	-0.041419
1	0.20582
1	0.10192
1	0.023978
1	0.18175
1	0.3977
1	0.10499
1	0.28602
1	-0.12186
1	0.77808
1	0.063474
1	0.24878
1	0.60475
1	0.27359
1	0.53836
1	0.63997
1	0.51853
1	0.34922
1	-0.22089
1	0.015509
1	0.31929
1	0.013818
1	0.30251
1	0.17644
1	0.48506
1	0.06631
1	0.15286
1	0.4552
1	0.57162
1	0.56276
1	0.5291
1	0.24933
1	0.083793
1	0.17457
1	0.3899
1	0.27925
1	-0.11606
1	0.57873
1	0.58463
1	0.64468
1	0.34137
1	0.52587
1	0.78867
1	0.78972
1	0.35835
1	0.7155
1	0.70232
1	0.17818
1	0.35944
1	0.30763
1	0.31277
1	0.26928
1	0.62025
1	0.31951
1	-0.24939
1	-0.032515
1	0.47574
1	0.35308
1	0.5745
1	0.30726
1	0.38737
1	0.36224
1	0.31681
1	0.35901
1	0.098382
1	0.10836
1	0.13665
1	0.26351
1	0.28122
1	0.57049
1	0.66944
1	0.39965
1	0.73498
1	0.71151
1	0.52258
1	0.46392
1	0.75757
1	0.66153
1	0.42789
1	0.29541
1	0.20263
1	0.34734
1	0.39402
1	0.67738
1	0.10977
1	0.45264
1	0.16061
1	0.094349
1	0.33746
1	0.33925
1	0.4772
1	0.092095
1	0.23218
1	0.12417
1	0.24965
1	0.40115
1	0.031436
1	0.18411
1	0.35585
1	0.26944
1	0.24675
1	0.57784
1	0.61816
1	0.28249
1	0.46704
1	0.47728
1	0.07671
1	0.6007
1	0.51915
1	0.65119
1	0.81943
1	0.34687
1	0.44258
1	0.62741
1	0.10175
1	0.19052
1	0.2338
1	0.44657
1	0.47367
1	0.35261
1	0.37473
1	0.3452
1	0.42934
1	0.3619
1	0.47099
1	0.052749
1	0.2763
1	-0.16805
1	0.43705
1	0.5432
1	0.28183
1	0.31244
1	0.12604
1	0.29145
1	0.62187
1	0.12944
1	0.20436
1	0.23862
1	0.2932
1	0.40724
1	0.55539
1	-0.091917
1	0.42757
1	0.32514
1	0.37278
1	0.62564
1	-0.032204
1	0.075213
1	0.069573
1	0.40754
1	0.3299
1	0.40849
1	0.40775
1	0.16256
1	0.007845
1	0.13643
1	-0.13274
1	0.34151
1	0.24015
1	0.33939
1	0.40842
1	0.24577
1	0.43764
1	0.6964
1	0.28271
1	0.29361
1	0.47441
1	0.69091
1	0.58091
1	0.82388
1	0.73277
1	0.36836
1	0.27777
1	0.81608
1	0.66703
1	0.30412
1	0.35299
1	0.53408
1	0.18131
1	0.69385
1	0.11986
1	0.3915
1	0.40047
1	0.1767
1	0.30694
1	0.073037
1	0.3195
1	0.25167
1	0.66296
1	0.52371
1	0.2046
1	0.28444
1	0.47534
1	0.33618
1	0.44543
1	0.69073
1	0.30741
1	0.55869
1	0.33879
1	0.11972
1	0.1298
1	0.40455
1	0.57166
1	0.48244
1	0.84156
1	0.22548
1	0.15684
1	0.30803
1	0.17669
1	0.48118
1	-0.082202
1	0.41723
1	0.57789
1	0.59344
1	0.32358
1	0.16251
1	0.39728
1	0.35482
1	0.16464
1	-0.16748
1	0.16482
1	0.22515
1	0.67281
1	0.12857
1	0.6497
1	0.17877
1	0.59411
1	0.15137
1	0.12747
1	0.51736
1	0.2048
1	0.52797
1	0.25703
1	0.53797
1	0.40616
1	0.15603
1	0.0042586
1	0.33649
1	0.095458
1	0.64519
1	0.092872
1	0.49735
1	0.65608
1	0.16859
1	0.46316
1	0.59816
1	0.073621
1	0.25164
1	-0.10794
1	0.56447
1	0.36451
1	0.37415
1	0.47511
1	0.29356
1	0.30793
1	0.18963
1	0.58035
1	0.22903
1	0.2596
1	0.07947
1	0.49383
1	0.075427
1	0.22576
1	0.32778
1	0.36013
1	0.43247
1	0.25037
1	0.097165
1	0.17025
1	0.090444
1	0.2147
1	-0.08332
1	0.14993
1	0.057732
1	0.24746
1	0.17033
1	0.30416
1	0.15229
1	0.15028
1	0.41762
1	0.25148
1	0.50376
1	0.35495
1	0.26385
1	0.45951
1	0.25165
1	0.36966
1	0.34118
1	0.42543
1	0.22571
1	-0.19898
1	0.22244
1	0.061134
1	0.29251
1	0.31473
1	0.31706
1	0.59006
1	0.49373
1	0.25291
1	0.54641
1	-0.14035
1	0.019778
1	0.20015
1	0.088059
1	0.047828
1	-0.066951
1	0.17191
1	0.17814
1	-0.026105
1	0.56054
1	0.64988
1	0.17723
1	0.40578
1	0.71878
1	0.13991
1	0.27434
1	0.14516
1	0.3594
1	0.70931
1	0.49519
1	0.29338
1	0.34651
1	0.49036
1	0.22713
1	0.037404
1	0.264
1	0.35066
1	0.41349
1	0.11939
1	0.31342
1	0.25118
1	0.079613
1	0.17598
1	0.046648
1	0.24171
1	0.37733
1	0.672
1	0.43527
1	0.21629
1	0.29228
1	0.47699
1	0.23454
1	0.59482
1	0.040665
1	0.37927
1	0.13342
1	0.18998
1	0.43473
1	0.51482
1	0.27547
1	-0.08439
1	0.17364
1	0.42013
1	0.088846
1	0.10576
1	0.18021
1	0.14455
1	0.1065
1	-0.074108
1	0.00075762
1	0.020681
1	-0.20875
1	0.13329
1	0.17664
1	1.0499
1	0.70445
1	0.23274
1	0.67488
1	0.4814
1	0.42686
1	0.49726
1	0.14579
1	0.27684
1	0.0018765
1	0.099988
1	0.29109
1	0.1966
1	0.62771
1	0.27537
1	0.54504
1	0.51418
1	0.37286
1	0.23822
1	0.34445
1	0.4049
1	0.61084
1	0.69151
1	0.56249
1	0.20888
1	0.66741
1	0.22129
1	0.069514
1	0.1727
1	0.50007
1	-0.0023096
1	0.51352
1	0.20094
1	0.25429
1	0.1055
1	0.16556
1	0.17916
1	0.33008
1	0.065006
1	0.04834
1	0.088254
1	0.15368
1	0.060792
1	0.13986
1	0.07942
1	0.42666
1	0.30129
1	0.45247
1	0.34481
1	0.55803
1	0.53231
1	0.54741
1	0.1291
1	0.57113
1	0.28316
1	0.55149
1	0.70132
1	0.36631
1	0.12614
1	0.3971
1	0.39127
1	0.22608
1	0.24686
1	0.34144
1	0.70375
1	0.41142
1	0.084387
1	0.51694
1	0.58061
1	0.30574
1	0.31779
1	0.6243
1	0.35485
1	0.52086
1	0.093443
1	0.1773
1	0.13772
1	0.089223
1	0.32055
1	0.31297
1	0.14925
1	0.4401
1	0.14946
1	0.50114
1	0.29119
1	0.4145
1	0.17738
1	0.63298
1	0.37202
1	0.37131
1	0.52602
1	0.68503
1	0.70693
1	0.15595
1	0.037002
1	0.34333
1	0.3898
1	0.30772
1	0.51344
1	0.25124
1	0.26983
1	0.46446
1	0.67627
1	0.7398
1	0.35478
1	0.47557
1	-0.012696
1	0.12593
1	0.6926
1	0.48694
1	0.15363
1	0.64859
1	-0.010456
1	0.38169
1	0.29039
1	0.14066
1	0.31935
1	0.37588
1	0.30028
1	0.47353
1	0.64137
1	0.28605
1	0.39225
1	0.62475
1	0.22112
1	0.43567
1	0.34518
1	-0.020052
1	-0.020071
1	0.035341
1	0.36679
1	0.17002
1	0.32092
1	0.35409
1	0.26036
1	0.4918
1	0.30262
1	0.05308
1	0.28629
1	0.58788
1	0.54219
1	0.34284
1	0.62228
1	0.35936
1	0.73393
1	0.51101
1	0.37596
1	0.37041
1	0.62253
1	0.75381
1	0.48372
1	0.5151
1	0.55734
1	0.64843
1	0.45686
1	0.079763
1	0.61428
1	0.33363
1	0.28332
1	0.48795
1	0.39176
1	0.43198
1	0.068222
1	0.28022
1	0.45898
1	0.65281
1	0.626
1	0.68023
1	0.75037
1	0.76171
1	0.26209
1	0.58047
1	0.37124
1	0.53345
1	0.67983
1	0.46683
1	0.72205
1	0.78333
1	0.45381
1	0.36174
1	0.73213
1	0.65575
1	0.60434
1	0.44764
1	0.39686
1	0.31906
1	0.27194
1	0.59705
1	0.52016
1	0.34998
1	-0.013507
1	0.032302
1	0.26119
1	0.33485
1	0.51901
1	0.35989
1	0.58523
1	0.1134
1	0.57495
1	0.73333
1	0.37432
1	0.48224
1	0.61307
1	0.25947
1	0.6278
1	0.16876
1	0.69715
1	0.36901
1	0.60115
1	0.2378
1	0.16151
1	0.60045
1	0.30414
1	0.076789
1	0.22683
1	0.40162
1	0.43091
1	0.51947
1	0.20082
1	0.38541
1	0.49412
1	0.14161
1	0.1389
1	0.46017
1	0.45231
1	-0.034729
1	0.074536
1	0.25775
1	0.026932
1	0.52056
1	0.26321
1	0.26222
1	0.20475
1	0.73988
1	0.16939
1	0.70276
1	-0.094939
1	0.13088
1	0.48725
1	0.22818
1	0.35747
1	0.35704
1	0.17019
1	0.10534
1	0.25065
1	0.28658
1	0.18633
1	0.087963
1	0.40266
1	0.49859
1	0.58827
1	0.59962
1	0.29206
1	0.020029
1	0.30735
1	0.51705
1	0.50644
1	0.42533
1	0.38576
1	0.34805
1	0.4938
1	0.50017
1	0.52336
1	0.19345
1	0.18485
1	0.54709
1	0.39795
1	0.18991
1	0.49084
1	0.13502
1	-0.0026646
1	0.90315
1	0.4117
1	0.26802
1	0.23659
1	0.35859
1	0.50863
1	-0.1182
1	0.08764
1	-0.040415
1	0.083939
1	0.3339
1	0.55905
1	0.29516
1	0.41366
1	0.18307
1	0.13896
1	0.74249
1	0.40313
1	0.43488
1	0.42272
1	0.80286
1	0.71259
1	0.41533
1	0.49249
1	0.50996
1	0.17485
1	0.54414
1	0.023128
1	0.36134
1	0.254
1	0.28307
1	0.23641
1	0.32514
1	0.3496
1	0.3346
1	0.49125
1	0.65298
1	-0.059001
1	0.24415
1	0.28466
1	-0.0037011
1	0.32724
1	0.46556
1	-0.32003
1	0.387
1	0.50819
1	0.034971
1	-0.18672
1	0.036809
1	-0.06728
1	0.046242
1	-0.03044
1	-0.041433
1	0.191
1	0.075446
1	0.11106
1	-0.059073
1	0.21155
1	-0.24465
1	0.11076
1	0.60173
1	0.29745
1	0.25369
1	0.14832
1	0.14246
1	0.65386
1	0.023054
1	0.24354
1	0.24008
1	0.49621
1	-0.018998
1	-0.10333
1	0.3532
1	0.1705
1	0.1931
1	0.22427
1	0.16835
1	0.31824
1	0.44699
1	0.13222
1	0.18575
1	0.27093
1	0.11939
1	0.16387
1	0.32829
1	0.035405
1	0.13353
1	0.73528
1	0.70469
1	0.39579
1	0.62941
1	0.75494
1	0.063334
1	0.55242
1	0.28633
1	0.20089
1	0.064749
1	0.31715
1	0.041435
1	0.46573
1	0.30614
1	0.4705
1	0.13332
1	0.30177
1	0.62686
1	0.3306
1	0.4018
1	-0.013405
1	0.11178
1	0.28188
1	0.063129
1	0.34094
1	0.63084
1	0.52095
1	0.14493
1	0.23121
1	0.60584
1	0.42519
1	0.63092
1	0.030957
1	0.2502
1	0.025799
1	-0.03424
1	0.13564
1	0.17138
1	0.28049
1	0.16931
1	0.2889
1	0.15909
1	0.19181
1	0.28499
1	0.54975
1	0.16883
1	0.17879
1	0.0014371
1	0.22919
1	0.50722
1	0.75924
1	0.021814
1	0.24182
1	0.066446
1	0.18381
1	0.52703
1	0.23872
1	0.31672
1	0.10005
1	0.094682
1	0.11308
1	0.059132
1	0.017592
1	0.47219
1	-0.026063
1	0.40968
1	0.53081
1	0.66521
1	0.52041
1	0.60507
1	0.51982
1	0.26872
1	-0.030363
1	0.51383
1	0.15755
1	0.33851
1	0.25243
1	0.6536
1	0.37848
1	0.11858
1	-0.42032
1	-0.22322
1	0.46516
1	0.70989
1	0.51693
1	0.088114
1	0.10795
1	0.48727
1	0.35671
1	0.088808
1	0.082405
1	0.36954
1	0.19546
1	0.1122
1	0.4898
1	-0.0040178
1	0.17817
1	-0.023624
1	0.17598
1	0.09211
1	0.64192
1	0.099047
1	0.39971
1	-0.081643
1	0.37262
1	0.054902
1	0.28309
1	0.25595
1	0.22718
1	0.05983
1	0.056296
1	-0.094223
1	0.13848
1	0.052227
1	0.10322
1	0.011644
1	-0.111
1	-0.38919
1	-0.021378
1	0.41735
1	0.52378
1	0.057333
1	0.1251
1	0.39489
1	-0.015022
1	0.1722
1	0.19429
1	-0.045419
1	0.083287
1	0.12988
1	-0.038517
1	0.20323
1	0.73679
1	0.67072
1	-0.0036867
1	0.56662
1	0.32288
1	0.68706
1	0.014469
1	0.16884
1	0.099169
1	0.13059
1	0.029946
1	0.19974
1	0.21503
1	0.18617
1	0.33452
1	0.25867
1	0.37568
1	0.39909
1	-0.13463
1	-0.020936
1	0.077419
1	0.072425
1	0.22865
1	0.30462
1	0.53936
1	0.14102
1	0.068963
1	0.14369
1	0.11698
1	0.069909
1	0.58851
1	0.1013
1	0.68469
1	0.72222
1	0.36411
1	-0.059803
1	0.41955
1	0.2026
1	0.10647
1	0.22967
1	-0.044264
1	0.091765
1	0.15626
1	0.095915
1	0.18419
1	-0.057714
1	0.1839
1	0.074481
1	0.58051
1	0.39706
1	0.24353
1	0.32381
1	0.11405
1	0.13939
1	-0.085075
1	-0.0045006
1	0.026693
1	-0.13013
1	0.28348
1	0.22593
1	0.24545
1	0.40669
1	0.4486
1	0.10512
1	0.11943
1	0.10537
1	-0.18694
1	0.37756
1	0.24603
1	0.14872
1	0.19767
1	0.37812
1	0.37343
1	0.29974
1	-0.0079866
1	0.29477
1	0.069398
1	0.26549
1	0.49402
1	0.14738
1	-0.0038956
1	0.34136
1	0.23995
1	0.3
1	0.41929
1	0.25092
1	0.16089
1	0.33788
1	0.085814
1	0.5501
1	0.56821
1	0.47127
1	-0.003088
1	0.12587
1	0.12417
1	0.1298
1	0.24055
1	0.11411
1	0.46212
1	0.35894
1	0.59926
1	0.23432
1	0.42301
1	0.31927
1	0.85182
1	0.25959
1	0.65369
1	0.29218
1	0.32619
1	0.3277
1	0.13899
1	0.14223
1	-0.08279
1	0.072914
1	0.12444
1	0.45461
1	0.012323
1	0.11364
1	0.18247
1	0.17601
1	0.62426
1	0.90873
1	0.56274
1	0.60856
1	0.43117
1	0.40282
1	0.20899
1	0.51933
1	-0.10316
1	0.24076
1	0.18065
1	0.21096
1	0.78887
1	0.62891
1	0.61279
1	-0.16394
1	0.40682
1	0.454
1	0.54673
1	0.18292
1	0.4642
1	0.17174
1	0.26177
1	0.24219
1	0.16095
1	-0.040833
1	0.25304
1	0.37101
1	0.52769
1	0.5067
1	0.48194
1	0.47724
1	0.47683
1	0.37616
1	0.1082
1	0.1934
1	0.16821
1	0.51866
1	0.3569
1	0.068169
1	0.16432
1	0.10025
1	0.098696
1	0.027758
1	0.46
1	0.69807
1	0.16631
1	0.61441
1	0.099594
1	0.39439
1	0.23249
1	0.3768
1	0.4038
1	-0.047004
1	-0.024537
1	0.14991
1	0.19004
1	0.5667
1	0.586
1	0.51245
1	0.64286
1	0.5147
1	0.14565
1	0.42805
1	0.41935
1	0.3022
1	0.31918
1	0.5908
1	0.91784
1	0.26439
1	0.36857
1	0.015347
1	0.50907
1	0.054614
1	0.38058
1	0.4716
1	0.42999
1	0.2764
1	0.15802
1	0.3132
1	-0.00011657
1	0.19622
1	0.24995
1	0.61144
1	0.51621
1	0.63751
1	0.40217
1	0.46619
1	0.11638
1	-0.082655
1	0.22892
1	0.31551
1	0.485
1	0.32287
1	0.57487
1	0.31377
1	0.43428
1	0.041233
1	0.19563
1	0.19049
1	0.25486
1	0.12045
1	0.67238
1	0.48823
1	0.62226
1	0.044001
1	0.16583
1	0.38937
1	0.36796
1	0.28158
1	0.32247
1	0.39679
1	0.064093
1	0.070103
1	0.011941
1	0.18414
1	-0.038098
1	0.18386
1	0.59075
1	0.46603
1	0.22718
1	0.019747
1	0.10234
1	0.13983
1	0.21343
1	0.0096027
1	0.28843
1	0.2954
1	0.15584
1	0.13671
1	0.44566
1	0.43241
1	0.094922
1	0.094751
1	0.3862
1	0.48583
1	0.073976
1	0.13145
1	0.39528
1	0.43054
1	0.077433
1	0.19515
1	0.080572
1	0.55998
1	0.13947
1	0.25521
1	0.19348
1	0.30291
1	0.28077
1	0.12409
1	-0.069892
1	0.23698
1	0.28932
1	0.22481
1	0.032013
1	0.20613
1	0.060609
1	0.10204
1	0.21857
1	0.32578
1	-0.12939
1	-0.043293
1	0.12125
1	0.21549
1	0.059645
1	0.30425
1	-0.076605
1	0.049393
1	-0.03867
1	0.17916
1	0.0083524
1	0.082246
1	0.14007
1	-0.029507
1	0.28317
1	0.28758
1	0.063809
1	0.17129
1	0.22418
1	-0.01723
1	-0.044993
1	0.80203
1	0.23648
1	0.28224
1	0.17943
1	-0.0062792
1	0.1159
1	0.14831
1	-0.27637
1	0.014011
1	0.0675
1	-0.044973
1	0.0088476
1	0.38626
1	0.18931
1	0.35688
1	0.47109
1	0.059272
1	0.082895
1	-0.077054
1	-0.030529
1	0.12779
1	0.20873
1	0.19418
1	-0.032765
1	-0.027683
1	0.073435
1	0.15699
1	-0.074894
1	0.19741
1	0.085612
1	0.22945
1	0.012163
1	0.018464
1	0.16052
1	0.16372
1	0.02645
1	0.10032
1	-0.069702
1	0.17408
1	0.22958
1	0.15408
1	0.25642
1	0.40323
1	0.053376
1	0.12699
1	0.30472
1	0.19833
1	0.33173
1	-0.069394
1	0.026582
1	0.11342
1	0.42669
1	0.51106
1	0.09553
1	0.42911
1	0.39251
1	0.032992
1	0.092184
1	0.1029
1	0.36303
1	0.23084
1	0.32544
1	0.2212
1	0.1229
1	0.31654
1	0.10842
1	0.15214
1	-0.12066
1	0.099757
1	0.041281
1	0.04315
1	-0.012023
1	0.12702
1	0.011726
1	-0.16018
1	0.09916
1	0.47507
1	0.22428
1	0.19747
1	0.35213
1	0.14333
1	0.068072
1	-0.054187
1	0.1283
1	0.01176
1	0.067892
1	-0.039101
1	0.11132
1	0.32685
1	-0.0038147
1	0.014201
1	0.028473
1	0.0042218
1	0.062811
1	-0.26728
1	0.036118
1	0.31429
1	0.010047
1	0.50438
1	0.44892
1	0.22761
1	0.060821
1	0.09411
1	0.12465
1	0.089202
1	0.011288
1	0.13311
1	0.24006
1	-0.055953
1	0.018896
1	0.062738
1	-0.058135
1	0.001352
1	0.27219
1	0.083996
1	0.20285
1	-0.0010984
1	0.067216
1	0.14179
1	0.206
1	-0.096308
1	0.087743
1	0.038176
1	0.16219
1	0.10256
1	0.056999
1	0.21996
1	0.14702
1	-0.042651
1	0.039703
1	-0.10842
1	0.12552
1	0.28245
1	-0.056232
1	0.11361
1	0.015613
1	0.061302
1	0.14884
1	0.13585
1	-0.050507
1	0.21444
1	-0.0039138
1	-0.054864
1	-0.004465
1	0.27023
1	0.13586
1	0.17684
1	0.14313
1	0.27377
1	0.055969
1	0.1459
1	0.013808
1	0.11644
1	-0.010244
1	-0.043368
1	0.055408
1	0.016881
1	0.10921
1	0.079058
1	0.18692
1	0.4258
1	0.35807
1	0.3146
1	0.3332
1	0.49072
1	0.14047
1	0.31665
1	0.046826
1	0.047264
1	0.15842
1	0.1815
1	0.23898
1	0.20148
1	0.13812
1	0.31726
1	0.29789
1	0.30837
1	-0.041507
1	0.24729
1	0.16751
1	0.040679
1	0.15912
1	0.016868
1	0.17602
1	0.029254
1	0.083025
1	0.12352
1	0.078714
1	0.055053
1	0.1438
1	0.12459
1	5.7014e-18
1	2.9556e-18
1	4.2157e-18
1	-0.10161
1	4.8141e-05
1	-0.0014622
1	0.00055011
1	-0.033674
1	0
1	0
1	0.031754
1	0.0098892
1	0.17037
1	0.30307
1	0.14649
1	0.27732
1	0.1941
1	0.26206
1	0.40816
0	0.11326
0	-0.050408
0	0.092861
0	8.2799e-05
0	-0.038957
0	-0.012206
0	0.02833
0	-0.028154
0	-0.082681
0	0.13813
0	0.043757
0	-0.26244
0	-0.058837
0	0.30327
0	0.022423
0	0.044486
0	-0.032414
0	0.077296
0	0.17833
0	-0.088367
0	0.17089
0	-0.025162
0	0.089477
0	-0.0045237
0	0.00080739
0	0.039651
0	-0.022011
0	0.08405
0	0.018282
0	0.0061827
0	-0.039308
0	-0.024821
0	0.2099
0	0.15162
0	0.080854
0	0.14669
0	0.13027
0	0.11844
0	-0.12145
0	-0.10584
0	0.076398
0	-0.071172
0	0.081056
0	-2.3148e-18
0	0.32533
0	-0.095183
0	0.019365
0	-0.030525
0	0.022777
0	0.076066
0	-0.17402
0	0.35026
0	-0.014499
0	0.27966
0	0.11277
0	0.11229
0	-0.032429
0	0.052652
0	0.028585
0	-0.018178
0	0.13146
0	0.05073
0	0.13571
0	0.040043
0	0.060037
0	-0.1363
0	-0.07552
0	0.24699
0	0.24024
0	0.082357
0	0.20912
0	0.0048692
0	-0.077892
0	0.073998
0	0.047827
0	-0.012414
0	-0.18465
0	-0.0554
0	-0.07266
0	0.32163
0	-0.053489
0	-0.035603
0	0.26617
0	-0.018505
0	0.28754
0	0.033716
0	-0.0039857
0	0.0040417
0	-0.08508
0	0.015685
0	0.42318
0	-0.071215
0	0.18262
0	0.060325
0	-0.044032
0	0.11622
0	-0.013273
0	-0.19729
0	-0.03637
0	0.025386
0	-0.077224
0	0.18184
0	-0.0913
0	0.26425
0	-0.03502
0	-0.1106
0	0.18309
0	0.01632
0	0.092459
0	0.056704
0	0.15734
0	-0.006484
0	0.24769
0	0.14588
0	-0.0092998
0	0.16738
0	-0.093016
0	-0.010647
0	-0.11018
0	-0.001772
0	0.041335
0	-0.090869
0	0.086147
0	-0.04648
0	0.036824
0	-0.1722
0	0.19956
0	0.12583
0	0.11029
0	0.030804
0	-0.10853
0	0.40788
0	0.18284
0	0.089806
0	0.030352
0	-0.040756
0	3.5296e-06
0	0.071889
0	0.091639
0	-0.039503
0	-0.044556
0	0.21435
0	0.10844
0	-0.026894
0	0.042441
0	-0.083467
0	0.16628
0	0.073492
0	-0.0060264
0	0.071672
0	0.17062
0	-0.084354
0	0.74367
0	0.26869
0	0.011395
0	-0.095334
0	-0.037658
0	0.0022932
0	0.36537
0	0.15464
0	-0.073709
0	-0.042936
0	-0.070326
0	0.043051
0	-0.075525
0	0.081273
0	0.12939
0	0.046268
0	0.029045
0	-0.021859
0	0.003982
0	0.14205
0	-0.088841
0	-0.0087976
0	0.002144
0	-0.10514
0	0.094398
0	0.22665
0	-0.064918
0	0.060678
0	0.038817
0	-0.051259
0	-0.027259
0	0.0069575
0	-0.095927
0	0.1682
0	0.091022
0	0.031537
0	0.032147
0	0.068822
0	0.0073342
0	0.0076097
0	0.11083
0	0.02477
0	-0.13641
0	0.027766
0	-0.10161
0	0.11821
0	-0.027431
0	0.11786
0	0.18564
0	0.1017
0	0.029083
0	0.1068
0	-0.071028
0	0.66017
0	0.13808
0	-0.13356
0	-0.026133
0	0.036743
0	-0.04412
0	0.070984
0	-0.019292
0	-0.024121
0	0.042222
0	-0.0037421
0	0.08352
0	0.099588
0	0.26796
0	0.1264
0	0.16697
0	-0.18744
0	0.0418
0	0.06034
0	0.033514
0	0.015284
0	-0.057861
0	0.47518
0	-0.041659
0	-0.014663
0	0.20911
0	-0.00016134
0	-0.10673
0	-0.0033418
0	0.026052
0	0.070518
0	0.054416
0	0.0031916
0	0.069616
0	0.13981
0	0.074868
0	-0.072698
0	-0.24821
0	0.16935
0	-0.06264
0	-0.014284
0	0.14208
0	-0.042613
0	-0.033572
0	0.004164
0	0.13365
0	0.065039
0	-0.099256
0	0.13507
0	0.087091
0	0.0090334
0	0.047093
0	0.2309
0	0.057876
0	-0.00062229
0	-0.082564
0	-0.040294
0	-0.21072
0	0.045021
0	-0.021022
0	-0.15816
0	0.023399
0	0.12903
0	-0.05734
0	0.13653
0	-0.15043
0	0.13486
0	0.19212
0	0.155
0	0.27303
0	0.16372
0	-0.033534
0	0.041966
0	0.044396
0	0.078032
0	0.10218
0	0.068563
0	-0.093204
0	0.1787
0	0.0092426
0	0.1071
0	0.20058
0	0.17025
0	0.053737
0	0.311
0	-0.052199
0	-0.023945
0	0.39182
0	0.016693
0	0.35398
0	-0.043173
0	0.010992
0	-0.054504
0	0.0021603
0	0.0032443
0	-0.11963
0	0.046614
0	-0.0020762
0	-0.12305
0	0.17937
0	-0.003589
0	0.12945
0	0.10509
0	0.096877
0	-0.070608
0	-0.046372
0	0.096818
0	-0.093357
0	0.14643
0	0.080258
0	0.046048
0	-0.047867
0	0.085728
0	0.26488
0	0.14988
0	0.086325
0	0.23496
0	0.288
0	0.14984
0	0.079121
0	0.19303
0	0.41729
0	0.071895
0	0.063305
0	0.32496
0	0.23714
0	0.17962
0	0.11226
0	-0.018303
0	0.1145
0	-0.011816
0	0.0038522
0	-0.0028472
0	0.013518
0	0.14703
0	0.16686
0	0.0034613
0	-0.080269
0	0.28496
0	0.024716
0	0.22049
0	0.063787
0	0.034358
0	-0.10811
0	-0.26305
0	0.091146
0	-0.0067699
0	0.042791
0	-0.015865
0	0.064481
0	0.078782
0	-0.024911
0	0.21318
0	-0.070894
0	0.018239
0	0.016952
0	0.41207
0	0.29699
0	0.038593
0	0.16252
0	0.2954
0	0.016973
0	0.0045794
0	0.018971
0	-0.11469
0	-0.092734
0	-0.12681
0	0.072025
0	0.036826
0	-0.064912
0	0.16875
0	0.074315
0	-0.029981
0	0.039084
0	0.147
0	-0.021628
0	-0.010318
0	0.011062
0	-0.022877
0	-0.043405
0	0.02973
0	0.34985
0	0.13431
0	-0.011582
0	0.12431
0	0.069087
0	0.0047226
0	-0.078581
0	-0.054749
0	0.088754
0	0.032409
0	0.086141
0	0.35859
0	-0.0060487
0	-0.1125
0	0.12679
0	-0.067195
0	0.13732
0	0.10919
0	0.08028
0	0.069
0	-0.013739
0	0.10568
0	0.16302
0	0.027002
0	-0.074973
0	-0.040096
0	0.17973
0	0.19402
0	0.034687
0	-0.041864
0	0.01232
0	0.0095716
0	-0.043491
0	0.24768
0	0.064212
0	-0.091353
0	0.081796
0	0.24835
0	0.041749
0	-0.038163
0	-0.014448
0	0.14442
0	0.11841
0	0.18616
0	0.097014
0	0.33766
0	0.016769
0	-0.13382
0	-0.17601
0	-9.0981e-18
0	-0.1121
0	-0.075424
0	0.053087
0	0.078698
0	0.15314
0	-0.018732
0	0.15238
0	0.011494
0	0.012968
0	-0.066887
0	0.14414
0	-0.079888
0	-0.10152
0	-0.10642
0	-0.016618
0	-0.01064
0	0.28053
0	0.049226
0	0.064215
0	-0.052153
0	-0.10561
0	0.14801
0	0.22063
0	-0.046574
0	0.11097
0	-0.098598
0	0.094474
0	0.13187
0	-0.13072
0	-0.045855
0	0.31155
0	0.095737
0	0.025577
0	0.19051
0	-0.40065
0	0.10167
0	0.45245
0	0.097214
0	-0.11669
0	0.089069
0	-0.067658
0	-0.13747
0	0.026418
0	0.083758
0	-0.072123
0	0.066869
0	0.24621
0	0.024862
0	0.052043
0	-0.072694
0	-0.063157
0	-0.0081187
0	-0.16048
0	0.054852
0	0.026102
0	0.23455
0	0.059895
0	-0.070193
0	0.30245
0	-0.032874
0	-0.12379
0	0.099064
0	0.01723
0	0.1242
0	0.046344
0	0.038136
0	0.13067
0	0.29205
0	-0.15809
0	-0.0018004
0	-0.026238
0	0.14717
0	-0.17833
0	-0.0018832
0	0.068265
0	-0.074066
0	0.25736
0	0.012229
0	0.038785
0	0.028911
0	-0.028262
0	0.02249
0	0.022488
0	-0.00057499
0	-0.015439
0	0.35577
0	0.034489
0	-0.038799
0	-0.0070639
0	-0.11432
0	-0.079113
0	0.020039
0	0.021701
0	0.067403
0	0.19856
0	0.081004
0	0.081469
0	0.0024663
0	-0.10996
0	0.213
0	-0.013152
0	0.032369
0	0.24004
0	0.02151
0	0.020723
0	-0.0082765
0	0.082139
0	0.23865
0	0.049139
0	-0.026284
0	0.066313
0	0.018902
0	0.3452
0	-0.069527
0	-0.019518
0	0.024801
0	0.22885
0	-0.081707
0	-0.11147
0	-0.060204
0	0.16923
0	0.0012997
0	0.083377
0	0.13851
0	-0.098732
0	0.11964
0	-0.020124
0	0.34596
0	-0.0042653
0	0.16426
0	-0.024167
0	0.28801
0	0.085004
0	0.037556
0	-0.047894
0	-0.047367
0	0.12383
0	0.070982
0	0.0092902
0	0.052192
0	0.31624
0	0.017235
0	-0.02383
0	0.0082403
0	0.035087
0	0.11588
0	0.6391
0	-0.051157
0	0.112
0	-0.098552
0	0.090191
0	0.057981
0	-0.05271
0	-0.0025739
0	0.18226
0	0.23136
0	0.25113
0	-0.022915
0	0.11839
0	-0.010043
0	0.225
0	0.49676
0	0.001526
0	-0.12988
0	0.25706
0	0.29952
0	0.16258
0	0.14869
0	-0.049874
0	0.15566
0	-0.07532
0	0.20848
0	0.02443
0	-0.067479
0	0.23075
0	-0.099872
0	0.045492
0	-0.052301
0	0.054345
0	0.02841
0	0.02244
0	0.097161
0	-0.040293
0	0.052158
0	0.0053193
0	0.017252
0	-0.051002
0	0.015997
0	0.11537
0	0.20181
0	0.015179
0	0.058703
0	0.011759
0	0.066237
0	0.25224
0	0.090384
0	0.0062569
0	-0.012974
0	-0.024564
0	-0.0068694
0	-0.031046
0	-0.014588
0	-0.033366
0	0.2685
0	0.010898
0	-0.051135
0	-0.13633
0	-0.036158
0	0.034725
0	-0.018794
0	-0.13475
0	0.10147
0	-0.08306
0	0.050692
0	0.27841
0	0.434
0	-0.0034444
0	0.034736
0	0.40054
0	0.028663
0	-0.04622
0	0.12849
0	-0.13847
0	0.038259
0	0.35344
0	-0.10568
0	0.031976
0	0.0084682
0	0.15601
0	0.23983
0	0.064193
0	0.1972
0	0.032326
0	-0.18425
0	0.020383
0	0.11869
0	-0.10485
0	-0.035567
0	0.073037
0	0.36755
0	0.12059
0	-0.070396
0	-0.1641
0	0.10405
0	0.13217
0	0.39678
0	-0.048221
0	-0.03437
0	0.15573
0	0.16529
0	0.23066
0	0.14108
0	-0.020584
0	-0.026315
0	0.024226
0	0.085497
0	0.01825
0	-0.11706
0	0.091264
0	0.047223
0	0.13809
0	0.088392
0	0.1896
0	-0.015714
0	-0.22996
0	-0.014343
0	0.43149
0	0.1648
0	-0.019149
0	0.013222
0	0.033031
0	-0.23523
0	0.017784
0	-0.018151
0	0.4464
0	0.23998
0	-0.019761
0	0.018282
0	0.0020678
0	0.10188
0	0.16076
0	0.054486
0	0.014034
0	0.15638
0	-0.046525
0	-0.090341
0	0.03859
0	-0.093204
0	0.20568
0	0.21661
0	0.055435
0	0.16381
0	0.19588
0	0.016649
0	-0.017746
0	0.16807
0	-0.0013282
0	-0.24369
0	0.020001
0	0.032543
0	0.13154
0	-0.0078744
0	-0.016834
0	-0.1571
0	-0.090808
0	0.13619
0	-0.067098
0	-0.033046
0	0.31333
0	0.076306
0	-0.045352
0	-0.043208
0	-0.018311
0	-0.054909
0	0.02481
0	-0.018557
0	0.012532
0	-0.15095
0	0.058864
0	0.37321
0	0.15237
0	-0.016702
0	0.12859
0	0.035603
0	-0.17393
0	0.21972
0	0.018608
0	-0.070415
0	0.078026
0	0.071573
0	0.09895
0	-0.035279
0	0.015051
0	-0.092006
0	0.073891
0	-0.051422
0	0.46984
0	0.065705
0	0.0074832
0	0.065125
0	-0.16536
0	0.093017
0	-0.074631
0	0.21977
0	0.0096085
0	0.008893
0	0.060731
0	0.036125
0	0.085926
0	0.14641
0	-0.076695
0	0.015681
0	0.13555
0	0.053428
0	0.17621
0	-0.024529
0	-0.018876
0	0.044521
0	0.1726
0	-0.061152
0	0.02184
0	0.071326
0	0.050732
0	-0.12457
0	0.099132
0	0.22389
0	0.13515
0	0.33778
0	0.077796
0	0.074532
0	0.0051501
0	0.067101
0	0.062459
0	0.14584
0	-0.034399
0	0.0015344
0	0.14939
0	0.12338
0	0.15085
0	0.045499
0	0.005988
0	0.12227
0	0.018375
0	0.11878
0	0.007262
0	0.090807
0	0.0072166
0	-0.03435
0	0.0062953
0	-0.006242
0	-0.023442
0	0.022
0	0.11901
0	-0.036059
0	-0.059007
0	-0.017329
0	0.022212
0	0.30605
0	0.15803
0	0.028334
0	0.038195
0	-0.0080505
0	-0.099182
0	0.016954
0	-0.12158
0	0.13357
0	3.6312e-07
0	0.11466
0	-0.093352
0	0.16626
0	0.19219
0	0.027883
0	0.27897
0	0.086145
0	0.028423
0	-0.039495
0	-7.475e-05
0	-0.12398
0	-0.12814
0	0.1249
0	0.021537
0	0.10371
0	-0.065943
0	0.014746
0	-0.0034254
0	0.0052139
0	0.10039
0	-0.010336
0	-0.025171
0	0.45384
0	0.1243
0	0.17097
0	0.1264
0	0.10504
0	-0.25975
0	0.066337
0	-0.049222
0	0.29674
0	-0.097123
0	-0.11522
0	0.11451
0	-0.01918
0	0.033841
0	0.19587
0	0.23481
0	0.054486
0	-0.38307
0	0.1335
0	0.43947
0	0.1966
0	-0.024914
0	0.12933
0	0.094376
0	-0.081601
0	0.091411
0	-0.023614
0	0.071089
0	0.089786
0	0.10662
0	0.014967
0	-0.093892
0	0.12875
0	0.29634
0	0.11897
0	0.018155
0	-0.018236
0	0.25051
0	0.0079184
0	-0.048322
0	-0.19911
0	-0.12169
0	-0.05941
0	-0.037283
0	-0.10582
0	-0.066331
0	0.095731
0	0.02042
0	-0.14023
0	0.071634
0	0.11817
0	-0.045047
0	0.026523
0	0.11537
0	0.042769
0	0.1181
0	-0.018515
0	0.16478
0	0.19973
0	-0.0084476
0	0.022944
0	0.31997
0	0.10684
0	0.42477
0	0.39407
0	0.054653
0	0.061212
0	0.36715
0	0.085186
0	-0.039976
0	0.086659
0	0.062421
0	-0.0065377
0	-0.013172
0	-0.01614
0	-0.057382
0	-0.038873
0	0.10598
0	0.057186
0	0.09123
0	-0.10455
0	0.68895
0	0.056743
0	-0.0077929
0	-0.029359
0	0.11813
0	0.032118
0	0.15189
0	0.016149
0	0.073744
0	-0.0042891
0	-1.9437e-19
0	0.030449
0	-0.054389
0	0.010351
0	0.20008
0	0.040225
0	0.2061
0	0.18269
0	-0.099776
0	-0.091649
0	-0.29402
0	-0.00019206
0	0.040884
0	0.040062
0	0.046511
0	0.13823
0	0.06208
0	-0.24614
0	0.082153
0	0.2952
0	0.018076
0	-0.10528
0	0.31917
0	-0.039381
0	-0.1057
0	0.043394
0	-0.13533
0	0.3409
0	0.067887
0	0.010424
0	-0.13503
0	0.16524
0	-0.076585
0	0.085145
0	-0.1703
0	-0.024605
0	0.22639
0	-0.030444
0	-0.060755
0	-0.046343
0	-0.15042
0	-0.060341
0	0.070273
0	-0.12696
0	-0.069606
0	-0.099594
0	0.0063621
0	-0.032244
0	-0.059526
0	2.695e-19
0	0.057718
0	0.18998
0	0.053834
0	-0.024788
0	0.017574
0	0.089336
0	0.10697
0	0.0016841
0	0.30869
0	0.10553
0	0.41223
0	-0.084979
0	0.12993
0	0.10595
0	0.046149
0	0.076379
0	-0.024161
0	-0.061376
0	0.11655
0	-0.086308
0	-0.055282
0	-0.00032454
0	0.048389
0	0.08178
0	0.33674
0	0.02385
0	-0.27639
0	-0.021019
0	0.02319
0	-0.072265
0	0.11673
0	0.1582
0	0.49541
0	0.35556
0	0.0080432
0	0.060002
0	-0.025073
0	-0.029843
0	0.028331
0	0.070784
0	0.0047737
0	-0.018049
0	-0.052385
0	0.089144
0	0.043783
0	0.0025676
0	0.046206
0	0.25373
0	0.20155
0	0.10481
0	0.40281
0	-0.27495
0	-0.052969
0	0.036419
0	0.015911
0	0.063184
0	0.15151
0	-0.045802
0	-0.0074751
0	0.083974
0	0.0063701
0	0.14262
0	-0.059936
0	0.016716
0	0.12608
0	0.39008
0	0.18791
0	-0.084452
0	-0.02641
0	0.50286
0	0.055823
0	0.13999
0	0.076754
0	0.054725
0	0.11001
0	0.14209
0	0.06733
0	0.046485
0	0.094544
0	-0.0045456
0	0.055594
0	0.12276
0	-0.0037042
0	-0.10841
0	0.035491
0	0.031424
0	-0.042313
0	0.0021793
0	0.034943
0	-0.014434
0	0.12899
0	0.10531
0	0.031315
0	-0.052025
0	-0.34344
0	-0.015097
0	0.38907
0	0.032637
0	-0.017727
0	-0.13029
0	0.029728
0	0.058832
0	-0.082732
0	-0.13915
0	-0.050757
0	0.036747
0	0.24332
0	0.26277
0	-0.18774
0	0.12885
0	-0.16721
0	-0.019481
0	-0.018257
0	0.046487
0	0.035442
0	-0.057928
0	-0.15568
0	0.25572
0	-0.019992
0	0.1736
0	-1.3468e-18
0	0.075168
0	0.0055082
0	-0.09114
0	0.16223
0	0.074161
0	0.017652
0	0.029321
0	0.068285
0	0.028726
0	0.077249
0	-0.037159
0	0.089149
0	0.063601
0	-0.043356
0	-0.053155
0	-0.018075
0	-0.2302
0	0.048148
0	0.18862
0	-0.019688
0	-0.026615
0	0.23649
0	0.050106
0	-0.0072867
0	-0.023681
0	-0.027366
0	0.079685
0	-0.042151
0	0.033364
0	0.23652
0	-0.0026475
0	0.019927
0	0.21973
0	0.018412
0	0.11613
0	0.17821
0	0.027631
0	0.056604
0	0.057412
0	-0.012033
0	-0.21962
0	0.011313
0	-0.15553
0	-0.17161
0	-0.050946
0	-0.049666
0	-0.0075653
0	0.029857
0	0.17437
0	0.1624
0	-0.025567
0	0.20465
0	-0.021685
0	0.02052
0	-0.039145
0	0.039116
0	-0.018786
0	0.096235
0	0.037325
0	0.20916
0	0.001721
0	0.25752
0	0.025437
0	-0.12065
0	-0.057887
0	0.048366
0	0.029524
0	-0.10703
0	-0.091466
0	0.11621
0	-0.10915
0	0.041378
0	-0.1289
0	0.13112
0	-0.17042
0	-0.1319
0	0.15701
0	0.018407
0	-0.042713
0	-0.047751
0	0.013307
0	-0.035712
0	0.082785
0	-0.072076
0	-0.0012279
0	-0.060078
0	-0.0093702
0	0.16839
0	0
0	-0.024532
0	0.29143
0	0.062534
0	-0.00032784
0	0.15928
0	0.15984
0	-0.053466
0	0.039453
0	0.060578
0	0.18359
0	-0.052886
0	-0.090284
0	0.18934
0	-0.0072496
0	0.066838
0	0.14779
0	0.26036
0	0.095194
0	0.033937
0	0.0010953
0	-0.029009
0	-0.11054
0	0.21954
0	0.03716
0	-0.049448
0	0.27439
0	0.38194
0	0.063006
0	0.042516
0	0.08636
0	0.27379
0	0.024256
0	0.1126
0	-0.12436
0	0.0042559
0	0.10576
0	0.014824
0	0.01962
0	-0.26107
0	-0.13934
0	0.043338
0	0.066182
0	0.03072
0	0.10863
0	-0.00038918
0	-0.0084012
0	-0.065288
0	-0.04587
0	0.0016739
0	-0.0054387
0	-0.097722
0	0.11
0	0.045232
0	-0.037947
0	-0.04496
0	-0.027385
0	0.088381
0	-0.069005
0	0.16156
0	0.072548
0	0.055037
0	0.0048882
0	-0.029731
0	0.31118
0	0.15347
0	0.15926
0	-0.011598
0	-0.24187
0	0.18425
0	-0.0062799
0	-0.087884
0	0.11308
0	0.31184
0	-0.010188
0	-0.020853
0	-0.035638
0	0.17173
0	0.0057584
0	-0.025231
0	-0.041983
0	0.060547
0	-0.041329
0	0.067001
0	0.16889
0	-0.019022
0	0.0079547
0	0.14739
0	0.096275
0	-0.081387
0	0.20012
0	0.017565
0	-0.074012
0	-0.013661
0	0.065935
0	-0.0050894
0	-0.016072
0	0.070508
0	-0.034567
0	0.097203
0	-0.032738
0	-0.003881
0	0.009034
0	-0.024661
0	0.063961
0	-0.096229
0	0.28886
0	-0.1653
0	-0.12773
0	-0.12447
0	0.055128
0	0.12397
0	0.010177
0	0.084831
0	-0.041145
0	-0.16472
0	0.21472
0	0.063744
0	-0.024409
0	0.0726
0	-0.018485
0	0.0014158
0	1.6777e-19
0	0.040513
0	0.09058
0	0.041011
0	0.046691
0	0.041571
0	-0.12018
0	0.11253
0	-0.024221
0	0.082117
0	-0.0029954
0	-0.027088
0	-0.088091
0	-0.10818
0	-0.10453
0	0.14458
0	0.090898
0	-0.07466
0	0.020884
0	0.042918
0	-0.024416
0	0.09282
0	0.047142
0	0.1256
0	0.060546
0	0.060932
0	-0.010093
0	0.017501
0	-0.031794
0	-0.021563
0	-0.064023
0	-0.026121
0	0.1276
0	-0.16614
0	0.12316
0	0.1474
0	-0.10329
0	0.025956
0	0.053127
0	-0.03196
0	0.020323
0	0.080989
0	0.053033
0	-0.058742
0	0.21718
0	0.49572
0	0.13127
0	-0.10107
0	0.0051469
0	-0.057202
0	0.01577
0	-0.056754
0	-0.057945
0	0.016241
0	-0.046738
0	0.084023
0	-0.22051
0	-0.0816
0	-0.037664
0	0.22582
0	0.011656
0	0.058649
0	-0.12826
0	0.0014272
0	0.025019
0	0.020136
0	-0.022758
0	-0.00071795
0	0.28572
0	0.099385
0	0.046653
0	0.018745
0	-0.078036
0	0.084052
0	-0.1367
0	0.088351
0	0.032783
0	0.27806
0	-0.018755
0	0.091622
0	-0.17327
0	0.21058
0	0.019258
0	0.19186
0	-0.035696
0	0.14472
0	0.0468
0	0.023831
0	0.021444
0	-0.048728
0	0.027396
0	-0.024207
0	-0.017121
0	0.21545
0	0.035757
0	0.041392
0	0.045149
0	0.11777
0	0.096865
0	0.098552
0	-0.15411
0	0.028832
0	0.086222
0	0.27028
0	0.096483
0	0.27188
0	0.106
0	0.12871
0	0.14389
0	0.11842
0	0.082591
0	0.24341
0	0.027437
0	0.27159
0	0.008313
0	0.089843
0	-0.016354
0	0.22659
0	0.027349
0	0.10408
0	0.11522
0	-0.14295
0	-0.026505
0	-0.078078
0	0.017222
0	0.39632
0	0.072556
0	-0.015288
0	0.078651
0	0.30422
0	0.13447
0	0.32049
0	0.15833
0	0.1109
0	0.051536
0	0.032394
0	0.24272
0	0.16418
0	0.3727
0	0.12531
0	0.0047442
0	-0.02703
0	-0.022711
0	-0.03063
0	0.15686
0	0.0003583
0	-0.05231
0	0.006773
0	0.20481
0	0.35507
0	0.053598
0	0.25196
0	0.0067623
0	0.030486
0	0.17042
0	0.060616
0	-0.042532
0	-0.033383
0	0.323
0	8.0696e-05
0	0.020554
0	0.039112
0	-0.026813
0	-0.25092
0	0.055292
0	-0.024671
0	-0.0099762
0	-0.10668
0	-0.13682
0	-0.15208
0	-0.24361
0	-0.041827
0	0.094762
0	0.085955
0	-0.025782
0	0.033556
0	0.22724
0	-0.0037043
0	0.087031
0	0.22025
0	0.031011
0	0.05624
0	0.0047405
0	0.0755
0	-0.034256
0	0.11056
0	0.0301
0	-0.011008
0	0.078587
0	-0.029671
0	0.1285
0	0.10912
0	0.16105
0	0.0035745
0	0.04896
0	-0.013211
0	0.16097
0	0.18228
0	-0.03897
0	0.23046
0	0.13147
0	0.0037529
0	0.078046
0	-0.072239
0	-0.029873
0	0.076136
0	0.29475
0	-0.013163
0	0.2131
0	0.063228
0	0.058553
0	-0.0037544
0	-0.052551
0	-0.17198
0	0.15213
0	-0.042145
0	-0.079698
0	1.3211e-19
0	-0.045773
0	0.047736
0	0.069628
0	0.0019577
0	0.00079585
0	-0.0074402
0	0.053722
0	0.17005
0	0.16543
0	0.13641
0	0.025937
0	0.13198
0	-0.082142
0	0.30061
0	0.11378
0	-0.1846
0	0.086443
0	0.066344
0	0.64447
0	0.080102
0	-0.12477
0	0.067335
0	0.091424
0	0.18487
0	-0.15188
0	0.053773
0	0.090635
0	0.16679
0	0.12216
0	-0.10476
0	0.18854
0	-0.075347
0	0.076463
0	0.14926
0	0.12942
0	0.024921
0	0.040094
0	-0.063975
0	-0.007495
0	0.25512
0	-0.12043
0	0.050566
0	0.04824
0	0.020796
0	0.24635
0	0.1204
0	-0.11011
0	-0.042346
0	0.30794
0	-0.14645
0	0.13699
0	0.077935
0	0.27796
0	-0.095527
0	-0.071061
0	0.2178
0	0.036004
0	0.13789
0	0.060297
0	0.12896
0	0.16935
0	-0.13422
0	0.14235
0	-0.001054
0	-0.078916
0	0.089102
0	-0.013998
0	0.1399
0	-0.026942
0	0.017348
0	0.0013587
0	-0.032897
0	0.11853
0	-0.028282
0	0.064533
0	0.38583
0	-0.30786
0	-0.059733
0	0.16791
0	0.091657
0	-0.044536
0	0.04974
0	0.02813
0	0.045003
0	-0.01652
0	-0.35994
0	-0.027341
0	0.19752
0	-0.11321
0	0.37441
0	0.073
0	0.019492
0	0.11698
0	0.0060401
0	0.11407
0	-0.15991
0	0.2558
0	0.11225
0	0.32846
0	0.24199
0	0.21702
0	0.42843
0	0.31549
0	-0.1013
0	0.012922
0	0.028436
0	0.008695
0	-0.034532
0	0.22309
0	0.023148
0	2.5045e-05
0	0.036013
0	-0.020552
0	0.16346
0	0.013393
0	-0.019839
0	0.34674
0	-0.00067543
0	-0.017967
0	0.42835
0	0.082534
0	0.044363
0	-0.045565
0	0.18761
0	-0.058213
0	-0.057096
0	-0.11202
0	-0.079345
0	0.031835
0	-0.041254
0	0.043891
0	0.30238
0	0.20666
0	-0.023865
0	0.10078
0	0.13865
0	0.11157
0	0.0067025
0	0.19436
0	-0.04638
0	-0.097255
0	0.021459
0	0.0072189
0	0.23958
0	-0.028958
0	-0.01549
0	0.020008
0	0.084868
0	0.45821
0	-0.011678
0	-0.093911
0	0.0027751
0	0.058847
0	-0.10971
0	0.059422
0	0.13155
0	0.31593
0	0.07554
0	0.041022
0	0.054616
0	-0.11389
0	-0.0082004
0	-0.07187
0	0
0	0.054949
0	-0.12516
0	0.10318
0	-0.059224
0	0.23013
0	0.045102
0	-0.054587
0	0.12153
0	-0.011228
0	0.47447
0	0.033452
0	0.057682
0	0.090991
0	-0.23574
0	0.090593
0	0.18175
0	0.15846
0	0.024377
0	0.18762
0	0.21815
0	-0.015141
0	-0.15158
0	-0.0666
0	-0.046981
0	-0.090238
0	0.14108
0	0.12175
0	0.26151
0	0.208
0	0.18451
0	0.1453
0	0.017816
0	-0.036713
0	0.10724
0	-0.10029
0	-0.10398
0	-0.037648
0	0.085682
0	-0.10394
0	0.0068469
0	-0.076331
0	0.049035
0	-0.18062
0	0.084715
0	0.24539
0	0.031038
0	-0.045608
0	0.14188
0	0.10275
0	0.24984
0	-0.21003
0	-0.0015747
0	0.0099782
0	0.099376
0	0.19652
0	-0.013039
0	-0.14549
0	0.23268
0	-0.020731
0	0.01519
0	0.070893
0	0.078324
0	-0.16843
0	0.17039
0	0.030543
0	0.09912
0	-0.070917
0	0.21824
0	-0.14145
0	-0.089147
0	-0.029489
0	0.19345
0	-0.024743
0	0.15189
0	0.27737
0	0.010773
0	0.017993
0	0.21201
0	0.084068
0	0.088844
0	0.18599
0	-0.13648
0	0.031104
0	0.19572
0	0.097786
0	0.054847
0	0.057937
0	0.072677
0	0.014277
0	-0.089732
0	-0.10506
0	0.12887
0	0.039572
0	0.042017
0	-0.021399
0	0.11353
0	0.014666
0	0.15047
0	0.023879
0	0.26467
0	0.093465
0	0.17323
0	0.15245
0	-0.036461
0	0.074159
0	0.11021
0	-0.0386
0	0.24428
0	-0.1238
0	0.014881
0	-0.02236
0	-0.15315
0	0.082368
0	0.057418
0	0.017564
0	0.029574
0	0.30353
0	0.10402
0	0.0083072
0	0.08109
0	0.092117
0	-0.01565
