1	0.25841
1	0.33966
1	0.41438
1	0.18445
1	0.16866
1	0.68632
1	0.25894
1	0.28165
1	0.12739
1	0.48611
1	0.51309
1	-0.037485
1	0.65113
1	0.11198
1	0.16871
1	0.13941
1	0.56209
1	0.05727
1	0.067562
1	0.058154
1	0.068687
1	0.059692
1	0.0097047
1	0.068071
1	0.1168
1	0.33825
1	0.44813
1	0.37148
1	0.3217
1	0.22689
1	0.084852
1	0.29721
1	0.24002
1	0.34991
1	-0.1058
1	0.060685
1	0.24961
1	0.17149
1	0.29617
1	0.46008
1	0.41204
1	0.42033
1	0.65159
1	0.30005
1	0.31074
1	0.50428
1	0.25024
1	0.50617
1	0.58372
1	0.56215
1	0.18017
1	0.16207
1	0.5424
1	0.30216
1	-0.026479
1	0.54238
1	0.58761
1	0.60903
1	0.42073
1	0.7331
1	-0.19573
1	0.31139
1	0.49959
1	0.57379
1	0.34968
1	0.4261
1	0.61136
1	0.25634
1	0.47555
1	0.13382
1	0.38729
1	0.12943
1	0.019965
1	-0.15716
1	-0.16509
1	-0.10816
1	-0.45032
1	0.1729
1	-0.2346
1	0.12371
1	0.32413
1	0.28647
1	0.041388
1	0.081929
1	0.3135
1	0.56749
1	0.13363
1	0.67356
1	0.12176
1	0.18826
1	0.79223
1	0.31151
1	0.2538
1	0.18602
1	0.61907
1	0.34359
1	0.50237
1	0.39045
1	-0.0099708
1	0.11043
1	0.51199
1	0.11066
1	-0.11676
1	0.35198
1	0.35694
1	0.31749
1	0.38148
1	0.38677
1	0.41854
1	0.058307
1	0.22976
1	0.21383
1	0.16513
1	0.27083
1	0.56927
1	0.07538
1	0.047368
1	0.68789
1	0.61406
1	0.559
1	0.70852
1	0.32113
1	0.34241
1	0.19033
1	0.086283
1	0.21884
1	0.34453
1	0.50403
1	0.14057
1	0.51355
1	0.21791
1	0.55106
1	0.39536
1	0.22636
1	0.18661
1	0.12623
1	0.5388
1	0.084905
1	0.20504
1	0.39417
1	0.29035
1	0.34967
1	0.52095
1	0.4717
1	0.50124
1	0.53081
1	0.78903
1	0.18266
1	-0.029216
1	0.010711
1	0.2694
1	0.97905
1	0.62269
1	0.6175
1	0.47027
1	0.48293
1	0.010931
1	0.84622
1	0.22147
1	0.16616
1	0.31967
1	0.43832
1	-0.00097994
1	0.21551
1	0.021875
1	0.18296
1	0.27303
1	0.51489
1	0.57335
1	0.44873
1	0.54365
1	0.1842
1	0.60773
1	0.56043
1	0.37721
1	0.30506
1	0.43591
1	0.17161
1	0.21485
1	0.38815
1	0.67888
1	0.44891
1	0.4302
1	0.38597
1	0.26433
1	0.6831
1	0.62821
1	0.23647
1	-0.29901
1	0.051571
1	0.27549
1	0.16747
1	0.0019823
1	0.13577
1	0.21246
1	0.23944
1	0.57136
1	0.26235
1	0.51946
1	0.50195
1	-0.07069
1	0.14284
1	0.26449
1	0.50058
1	0.133
1	0.48012
1	0.50144
1	0.38242
1	0.53377
1	0.35728
1	0.57352
1	0.31738
1	0.64036
1	0.50953
1	0.59211
1	0.24698
1	0.6621
1	0.59084
1	0.30516
1	0.12767
1	0.0791
1	0.47884
1	0.34247
1	0.52772
1	0.59947
1	0.62269
1	0.60492
1	-0.19725
1	0.64784
1	0.060821
1	0.28262
1	0.014139
1	0.68843
1	0.46828
1	0.46352
1	0.58868
1	0.30386
1	0.25273
1	0.30541
1	0.31205
1	0.22844
1	0.4946
1	0.39828
1	0.64974
1	0.59711
1	0.32642
1	0.3083
1	0.36661
1	0.27991
1	0.45511
1	0.64998
1	0.35383
1	0.075355
1	0.26595
1	0.44475
1	0.92007
1	0.14161
1	0.26289
1	0.4465
1	0.28309
1	0.18348
1	0.3542
1	0.50241
1	0.52059
1	0.46474
1	0.3914
1	0.51597
1	0.26911
1	0.0010823
1	0.3558
1	0.22703
1	0.25549
1	0.19821
1	0.64919
1	0.49132
1	0.41982
1	0.5426
1	0.38765
1	0.80976
1	0.21707
1	0.33713
1	0.30909
1	0.33904
1	0.13041
1	0.42216
1	0.17777
1	0.0014002
1	0.27076
1	0.31309
1	0.25146
1	0.21542
1	0.28474
1	-0.028216
1	0.57206
1	0.43895
1	0.54335
1	0.42098
1	0.70851
1	0.76826
1	0.42584
1	0.70014
1	0.3753
1	0.7293
1	0.66854
1	0.95037
1	0.5953
1	0.63457
1	0.24996
1	0.039137
1	0.14414
1	0.54186
1	0.50653
1	0.40571
1	0.12256
1	0.21557
1	0.17816
1	0.054055
1	0.52184
1	0.60532
1	0.28944
1	0.20794
1	0.30451
1	0.083794
1	-0.17631
1	-0.10661
1	0.52775
1	0.68759
1	0.62165
1	0.55415
1	0.4598
1	0.056559
1	0.094558
1	0.42717
1	0.24622
1	0.57351
1	0.33865
1	0.42394
1	0.21041
1	0.53603
1	0.72367
1	0.29602
1	0.17068
1	-0.14009
1	-0.014171
1	0.42007
1	-0.060298
1	0.35378
1	0.29174
1	0.14592
1	0.10733
1	0.079857
1	0.52084
1	0.040897
1	0.37754
1	0.28391
1	0.49697
1	0.24315
1	0.35373
1	0.4153
1	0.60356
1	0.34399
1	0.30377
1	0.40707
1	-0.027838
1	-0.027855
1	0.66196
1	0.3625
1	0.55177
1	0.21417
1	0.054501
1	-0.0038589
1	0.13519
1	-0.0091808
1	0.056661
1	0.0043528
1	0.23998
1	0.37712
1	0.35058
1	0.068263
1	0.23869
1	0.66667
1	-0.069335
1	0.18882
1	0.01165
1	-0.069717
1	0.12198
1	0.37714
1	0.41155
1	0.39569
1	0.50347
1	0.66794
1	0.34114
1	0.017223
1	-0.13616
1	-0.082886
1	0.23243
1	0.099236
1	0.30437
1	0.053673
1	0.33862
1	0.29796
1	0.42104
1	0.72604
1	0.57076
1	0.5815
1	0.3932
1	-0.045695
1	0.71816
1	0.61299
1	0.2362
1	0.35359
1	0.62144
1	0.24169
1	0.27797
1	-0.023334
1	0.31445
1	0.17113
1	0.085655
1	0.37385
1	0.43512
1	0.34428
1	0.061458
1	0.14498
1	0.25296
1	0.006594
1	0.1191
1	0.67299
1	0.68849
1	0.17965
1	0.74324
1	0.70722
1	0.44512
1	-0.19009
1	0.21703
1	0.5861
1	0.20524
1	-0.025362
1	0.26096
1	0.16629
1	0.49027
1	0.24918
1	0.53025
1	0.61919
1	0.32115
1	0.46787
1	0.2831
1	0.085166
1	0.6662
1	0.7992
1	0.19398
1	0.67555
1	0.68278
1	0.76773
1	0.52832
1	0.5565
1	0.26873
1	0.45698
1	0.5401
1	0.31455
1	0.15607
1	0.40675
1	0.21531
1	0.15714
1	0.23611
1	0.12966
1	0.68742
1	0.39571
1	0.39222
1	0.55851
1	0.17285
1	0.26848
1	0.50744
1	0.45756
1	0.26722
1	0.12726
1	0.37781
1	0.11748
1	0.38322
1	-0.078841
1	0.20535
1	0.10228
1	0.66846
1	0.66537
1	0.14678
1	0.53239
1	0.66395
1	0.40957
1	0.16568
1	-0.025197
1	0.46642
1	0.2511
1	0.43553
1	0.22192
1	0.14653
1	0.16361
1	-0.018015
1	0.38318
1	0.61124
1	0.69019
1	0.77839
1	0.73912
1	0.29455
1	0.63183
1	0.034709
1	0.48001
1	0.74112
1	0.066331
1	0.42918
1	0.64621
1	0.3008
1	0.58286
1	0.086684
1	0.46466
1	0.82107
1	0.32829
1	0.19387
1	0.62623
1	0.18622
1	0.24539
1	0.20235
1	0.046068
1	0.053497
1	0.34938
1	0.2677
1	0.49974
1	0.59153
1	0.62012
1	0.38106
1	0.21984
1	0.16172
1	0.2879
1	0.29023
1	0.23228
1	0.40827
1	0.26755
1	0.69097
1	0.75163
1	0.28949
1	0.22713
1	0.21998
1	0.32935
1	0.24469
1	0.52845
1	0.64316
1	0.43718
1	0.24152
1	0.33835
1	0.67998
1	0.70147
1	0.70542
1	0.63469
1	0.25774
1	0.63876
1	0.74186
1	0.20066
1	0.5278
1	0.54837
1	0.47967
1	0.10928
1	0.2591
1	0.43725
1	0.42074
1	0.33092
1	0.23213
1	0.56151
1	0.14654
1	0.47988
1	0.27379
1	0.37644
1	0.12693
1	0.44922
1	0.24159
1	0.28888
1	0.5595
1	0.73433
1	0.45994
1	-0.01813
1	0.53805
1	0.10387
1	0.49254
1	0.44438
1	0.32985
1	0.29594
1	0.17645
1	0.54612
1	0.51404
1	0.35557
1	0.31272
1	0.1096
1	0.041153
1	0.10878
1	0.46634
1	0.33399
1	0.41674
1	0.3878
1	0.48369
1	0.54629
1	0.5248
1	0.42588
1	0.1716
1	0.19973
1	0.15711
1	0.42557
1	0.38292
1	0.26276
1	0.30697
1	0.45032
1	0.05492
1	0.27616
1	0.066658
1	0.33453
1	0.26757
1	-0.0084869
1	0.31862
1	0.29621
1	0.28584
1	0.2635
1	0.47665
1	0.00079421
1	0.44447
1	0.78317
1	0.61169
1	0.86488
1	0.42231
1	0.53624
1	0.57117
1	0.40503
1	0.22958
1	0.87545
1	0.9342
1	0.58478
1	0.3109
1	0.93308
1	0.21848
1	0.33957
1	0.30791
1	0.53202
1	0.31725
1	0.19749
1	0.092563
1	0.23209
1	0.41745
1	0.29888
1	0.059537
1	0.28822
1	0.32735
1	0.55907
1	0.43551
1	0.54588
1	0.3098
1	0.68823
1	0.37835
1	0.57148
1	0.41805
1	0.81445
1	0.13029
1	0.49356
1	0.60823
1	0.25354
1	0.9145
1	0.13876
1	0.49546
1	0.41266
1	0.12905
1	0.58865
1	0.36616
1	0.335
1	0.4377
1	0.20993
1	0.43082
1	0.46116
1	0.25651
1	0.48388
1	0.26434
1	0.1424
1	0.50687
1	0.13336
1	0.53418
1	0.77948
1	0.50748
1	0.28195
1	0.49169
1	0.79532
1	0.53409
1	0.27298
1	0.44702
1	0.38814
1	0.24399
1	0.31647
1	0.15011
1	0.25222
1	0.19018
1	-0.021838
1	0.13475
1	0.43353
1	0.25501
1	0.45313
1	0.45601
1	0.54805
1	0.55322
1	0.476
1	0.53225
1	0.30209
1	0.37164
1	-0.020785
1	0.76249
1	0.36
1	0.035409
1	0.30378
1	0.56189
1	0.090772
1	0.1024
1	0.35377
1	0.27662
1	0.16677
1	0.017855
1	0.54022
1	-0.045987
1	0.20896
1	0.42271
1	0.55043
1	0.29091
1	0.11959
1	-0.0016832
1	0.085376
1	0.42721
1	-0.013474
1	0.1482
1	0.030973
1	0.4033
1	0.2326
1	0.23281
1	0.27544
1	0.28555
1	0.53991
1	0.3321
1	0.47908
1	0.40597
1	0.4484
1	0.050502
1	0.35456
1	0.11354
1	0.34355
1	0.18008
1	0.30483
1	0.21189
1	0.17927
1	0.23261
1	0.36062
1	0.078893
1	0.35361
1	0.57369
1	0.18049
1	0.21986
1	-0.14559
1	0.25824
1	0.08023
1	-0.12647
1	0.30392
1	-0.044435
1	-0.15019
1	0.27458
1	0.40044
1	0.31575
1	0.22164
1	0.64699
1	-0.083219
1	0.077367
1	-0.0035693
1	0.25652
1	0.16301
1	0.080162
1	0.39332
1	0.17344
1	0.10132
1	0.37847
1	0.17889
1	0.21793
1	0.26513
1	0.44527
1	0.043491
1	0.097517
1	0.34635
1	0.25477
1	0.38382
1	0.34224
1	0.49588
1	0.49288
1	0.16264
1	0.16126
1	0.25867
1	0.7419
1	0.22664
1	0.16802
1	-0.02779
1	0.23001
1	0.031844
1	-0.015838
1	0.20615
1	0.17441
1	-0.10301
1	0.47781
1	0.19362
1	0.32974
1	0.50415
1	0.20633
1	0.42269
1	0.55868
1	0.4025
1	0.49317
1	0.3167
1	0.12345
1	-0.068738
1	0.27817
1	0.24278
1	0.11935
1	0.36162
1	0.37431
1	0.37619
1	0.099767
1	-0.016058
1	0.11708
1	0.043136
1	0.086193
1	0.035432
1	0.19529
1	0.49108
1	0.57082
1	0.2076
1	0.12063
1	0.25406
1	0.12954
1	0.417
1	0.45337
1	0.36317
1	0.074114
1	0.43073
1	0.59127
1	0.45573
1	0.50578
1	0.187
1	0.26055
1	0.23892
1	-0.014627
1	0.26095
1	0.68528
1	0.34274
1	0.016225
1	0.2177
1	-0.048066
1	-0.011269
1	0.071913
1	0.14053
1	0.1263
1	0.6792
1	0.35046
1	0.31126
1	0.81649
1	0.53055
1	0.088805
1	0.35936
1	0.51194
1	0.47896
1	0.30195
1	0.53874
1	0.52581
1	0.65708
1	0.58105
1	0.12814
1	0.12731
1	0.067241
1	0.045097
1	0.59994
1	0.78702
1	0.24027
1	0.41069
1	0.85984
1	0.73476
1	0.27772
1	0.44159
1	0.82318
1	0.73409
1	0.19613
1	0.60271
1	0.49463
1	0.53681
1	0.61935
1	0.59792
1	0.62742
1	0.64374
1	0.11118
1	0.29504
1	0.32352
1	0.12273
1	0.19723
1	0.50948
1	0.31608
1	0.31929
1	0.57303
1	0.42221
1	0.48964
1	0.37445
1	0.11816
1	-0.0014719
1	0.84975
1	0.30522
1	0.27951
1	0.70334
1	0.38346
1	0.26849
1	0.44317
1	0.35531
1	0.071479
1	0.35223
1	0.58637
1	0.16914
1	0.56627
1	0.39548
1	0.18388
1	0.28519
1	0.24053
1	0.031145
1	0.07113
1	0.362
1	0.045648
1	0.36756
1	0.32039
1	0.33283
1	0.41857
1	0.21493
1	0.62176
1	0.64607
1	0.49823
1	0.36648
1	0.21622
1	0.35399
1	0.41394
1	0.25852
1	0.27198
1	0.33589
1	0.32127
1	0.36062
1	0.19386
1	0.2741
1	0.38123
1	0.42871
1	0.51338
1	0.30753
1	0.17474
1	0.39652
1	0.028263
1	0.52713
1	0.42478
1	0.41037
1	0.36124
1	0.48693
1	0.49826
1	0.35259
1	0.33418
1	0.29639
1	0.32602
1	0.31226
1	0.4794
1	0.16326
1	0.49059
1	0.44536
1	0.13256
1	0.23945
1	0.1812
1	0.59657
1	0.68063
1	0.31544
1	0.79216
1	0.58124
1	0.30571
1	0.34513
1	0.5517
1	0.34842
1	0.59398
1	0.28055
1	0.40395
1	0.36206
1	0.5743
1	0.51161
1	0.054082
1	0.29883
1	0.3436
1	0.31563
1	0.46362
1	-0.026625
1	0.46637
1	0.07539
1	0.40527
1	0.18123
1	0.30193
1	0.40945
1	0.39678
1	0.15375
1	0.14646
1	0.11931
1	0.35902
1	0.18532
1	0.59404
1	0.51493
1	0.50594
1	0.2042
1	0.73516
1	0.56598
1	0.5319
1	-0.25741
1	0.31089
1	0.29397
1	0.31187
1	0.25613
1	0.41744
1	0.87689
1	0.8034
1	0.75419
1	0.82178
1	0.53533
1	0.37219
1	0.59491
1	0.70223
1	0.30581
1	0.63956
1	0.34809
1	0.45774
1	0.71937
1	0.14469
1	0.35576
1	0.45686
1	0.22078
1	0.44918
1	0.40023
1	0.68049
1	0.0084033
1	0.35766
1	0.47694
1	0.53447
1	0.67121
1	0.096896
1	0.39803
1	0.1199
1	0.21993
1	0.7074
1	0.45596
1	0.4894
1	-0.048199
1	0.49255
1	0.78323
1	0.3711
1	0.20272
1	0.41196
1	0.44331
1	0.39051
1	0.32637
1	0.21704
1	0.51383
1	0.079675
1	0.31178
1	0.56466
1	0.10511
1	0.4768
1	0.43623
1	0.51866
1	0.1114
1	0.33755
1	0.3693
1	0.18626
1	0.31531
1	0.43625
1	0.33524
1	0.25804
1	0.54588
1	0.3104
1	0.38818
1	0.37917
1	0.16758
1	0.58787
1	0.32491
1	0.58931
1	0.23613
1	0.24088
1	0.37624
1	0.2764
1	0.36576
1	0.32221
1	0.26176
1	0.090273
1	0.22006
1	0.74972
1	0.16142
1	0.099073
1	0.27964
1	0.68736
1	0.38585
1	0.52514
1	0.38759
1	0.52164
1	0.0368
1	0.31698
1	0.30421
1	0.30627
1	0.16936
1	0.46709
1	0.29073
1	0.23728
1	0.36706
1	0.45538
1	0.28513
1	0.46365
1	0.28749
1	0.71539
1	0.11722
1	0.34578
1	0.33319
1	0.9332
1	0.52176
1	0.27092
1	0.3719
1	0.57332
1	0.15403
1	0.44785
1	0.60458
1	0.2408
1	0.60343
1	0.064822
1	-0.0029757
1	0.091524
1	0.21537
1	0.36187
1	0.083711
1	0.024539
1	0.097897
1	0.32824
1	0.77253
1	0.2982
1	0.37818
1	0.18149
1	0.57422
1	0.48183
1	0.49497
1	0.1333
1	0.62463
1	0.22079
1	0.31008
1	0.43925
1	0.50004
1	0.29402
1	0.174
1	0.084249
1	0.66942
1	0.17741
1	0.219
1	0.23275
1	0.13676
1	0.25402
1	0.61746
1	0.14222
1	0.43319
1	0.47247
1	0.49361
1	0.25967
1	0.46482
1	0.098001
1	0.45712
1	0.22287
1	-0.065076
1	0.49879
1	0.39807
1	0.15546
1	0.14618
1	0.21372
1	0.13417
1	0.26677
1	0.35148
1	0.29208
1	0.14347
1	0.21034
1	0.22917
1	0.26388
1	0.67382
1	-0.074542
1	0.39056
1	0.35925
1	0.20823
1	0.36795
1	0.21381
1	-0.11456
1	-0.15405
1	0.12636
1	-0.091199
1	0.20374
1	0.11055
1	0.031388
1	0.27761
1	0.44261
1	-0.025854
1	0.36651
1	0.16638
1	0.20757
1	0.49583
1	0.14625
1	-0.035516
1	-0.25598
1	0.51441
1	0.18108
1	0.35611
1	0.17934
1	0.53056
1	0.46853
1	0.12571
1	0.64537
1	0.25828
1	0.28967
1	0.36619
1	0.18344
1	0.23552
1	0.23936
1	0.20177
1	0.42358
1	0.33816
1	0.28617
1	0.087922
1	0.53394
1	0.2044
1	0.14313
1	0.28185
1	-0.086297
1	0.22618
1	-0.10717
1	-0.019683
1	0.35199
1	0.56989
1	0.65533
1	0.28654
1	0.44075
1	0.52302
1	0.37144
1	0.3194
1	0.31963
1	-0.0075737
1	0.19164
1	0.35836
1	0.52748
1	0.24595
1	0.71189
1	0.050967
1	0.029459
1	0.45195
1	-0.023931
1	0.32257
1	0.34657
1	0.4115
1	0.45731
1	0.18048
1	0.46204
1	0.36437
1	0.093031
1	-0.06561
1	0.55142
1	0.19767
1	0.47432
1	0.13177
1	0.38333
1	0.17011
1	0.067283
1	0.28988
1	0.13055
1	0.41647
1	0.16706
1	0.068216
1	0.50343
1	0.30215
1	0.44253
1	0.085081
1	0.058108
1	0.17556
1	0.037986
1	0.33501
1	0.25068
1	0.46207
1	0.26404
1	0.33577
1	0.38047
1	0.24893
1	0.0021964
1	0.52122
1	0.56211
1	0.75051
1	0.58261
1	0.65997
1	0.55241
1	0.42138
1	0.28836
1	0.215
1	-0.19186
1	0.47702
1	0.53192
1	0.089614
1	0.29919
1	0.55277
1	0.18175
1	0.53899
1	0.45553
1	0.098261
1	0.15431
1	0.12748
1	0.1816
1	0.25557
1	0.40465
1	0.27934
1	0.075839
1	0.18285
1	0.25602
1	0.49333
1	0.35554
1	0.4447
1	0.15755
1	0.12043
1	0.20085
1	0.084865
1	0.31481
1	0.29263
1	0.42622
1	-0.039548
1	0.13529
1	0.12635
1	0.11945
1	0.55444
1	0.42467
1	0.70925
1	0.31874
1	-0.15035
1	0.23509
1	0.0051394
1	-0.19505
1	0.31418
1	0.23161
1	0.28271
1	0.24645
1	0.10418
1	0.40473
1	0.38942
1	0.35178
1	0.58603
1	0.51531
1	0.59115
1	0.38227
1	0.08083
1	0.13255
1	0.096359
1	-0.04902
1	-0.019371
1	0.21318
1	0.078067
1	0.63246
1	0.25087
1	0.17247
1	0.35183
1	0.18296
1	0.10746
1	0.12809
1	0.01178
1	0.13076
1	-0.093083
1	0.072908
1	0.12546
1	0.12506
1	0.40999
1	0.10823
1	0.25383
1	-0.0019593
1	0.53264
1	0.24157
1	0.023902
1	0.39413
1	0.063455
1	0.054162
1	0.43979
1	0.37352
1	0.49002
1	0.28676
1	0.34928
1	0.22003
1	0.55032
1	0.44588
1	0.37931
1	0.30917
1	0.13477
1	0.35494
1	0.16681
1	0.22682
1	0.13172
1	0.37724
1	0.24629
1	0.21664
1	0.49618
1	0.17928
1	0.094834
1	0.18906
1	0.30997
1	0.37091
1	0.43499
1	0.00083107
1	0.054758
1	0.16064
1	0.25882
1	0.25836
1	-0.028713
1	0.43688
1	0.15238
1	0.38508
1	0.20196
1	0.045682
1	0.20643
1	0.29317
1	0.24857
1	0.77653
1	0.17755
1	0.13497
1	0.69088
1	0.37664
1	0.31635
1	0.11525
1	0.078786
1	0.28326
1	0.12848
1	0.23212
1	0.34471
1	0.057678
1	0.0041518
1	0.091987
1	0.28804
1	0.43704
1	0.29173
1	0.71527
1	0.47491
1	0.17899
1	0.85322
1	0.19638
1	0.3767
1	0.42199
1	0.56423
1	-0.093398
1	0.20431
1	0.52723
1	0.24423
1	0.43883
1	0.50493
1	0.32462
1	0.073763
1	0.22346
1	0.5517
1	0.41436
1	0.56607
1	-0.023127
1	0.66023
1	0.20122
1	0.3767
1	0.25614
1	0.027441
1	0.41864
1	0.75338
1	0.59288
1	0.36127
1	0.1971
1	0.72962
1	0.073109
1	0.19868
1	0.54141
1	0.29624
1	-0.040534
1	-0.12916
1	0.14212
1	0.070106
1	0.11562
1	0.22411
1	0.19755
1	0.69235
1	0.40191
1	0.33153
1	0.15462
1	0.1689
1	0.68361
1	0.30221
1	0.59767
1	0.081748
1	0.50801
1	0.12381
1	0.12043
1	0.17119
1	-0.05799
1	-0.029495
1	0.37301
1	0.38674
1	0.38953
1	0.30549
1	0.57276
1	0.40154
1	0.22159
1	0.52974
1	0.12989
1	-0.013418
1	0.3526
1	0.31238
1	0.22694
1	0.11706
1	0.21514
1	0.25943
1	0.52723
1	0.57265
1	-0.00082516
1	0.255
1	0.20321
1	0.17749
1	0.3692
1	0.20954
1	0.31127
1	0.082213
1	0.75169
1	0.47745
1	0.40274
1	0.23398
1	0.36245
1	0.21571
1	0.56664
1	0.47955
1	0.051086
1	0.28454
1	0.1925
1	0.49913
1	0.31229
1	0.308
1	0.5319
1	0.39361
1	0.36064
1	0.47995
1	0.27195
1	0.56213
1	0.65978
1	0.47172
1	0.42476
1	0.34887
1	0.16666
1	0.069474
1	0.1864
1	0.43659
1	-0.10879
1	0.42311
1	-0.0019587
1	0.41238
1	0.28869
1	0.48586
1	0.34512
1	0.074792
1	0.015421
1	0.35925
1	-0.022513
1	0.13077
1	0.51466
1	0.13777
1	0.074276
1	0.39113
1	0.24644
1	-0.10272
1	0.26022
1	0.73011
1	0.22018
1	0.15239
1	0.30452
1	0.2049
1	0.14964
1	0.2585
1	0.13584
1	0.41939
1	0.20972
1	0.5511
1	0.19573
1	0.14841
1	0.19255
1	0.15619
1	-0.0027668
1	0.14969
1	0.23674
1	0.16319
1	0.47838
1	0.45872
1	0.8559
1	0.079558
1	0.16633
1	0.18432
1	0.25993
1	0.30485
1	-0.010081
1	0.12268
1	0.14705
1	0.1829
1	0.41695
1	0.25494
1	0.045307
1	-0.11419
1	0.020135
1	0.30292
1	0.15431
1	0.078714
1	0.19789
1	0.21918
1	0.24513
1	0.32031
1	0.19635
1	0.040248
1	0.075082
1	0.077382
1	0.015074
1	0.16522
1	0.13201
1	-0.074953
1	-0.07123
1	0.080764
1	-0.030417
1	0.066705
1	0.25394
1	-0.050444
1	0.05158
1	0.12698
1	-0.012494
1	-0.090834
1	0.22417
1	0.12113
1	0.12576
1	0.015432
1	0.03146
1	0.057866
1	0.42764
1	0.0035201
1	0.35029
1	0.56804
1	0.40396
1	0.23546
1	0.21484
1	0.32659
1	0.21599
1	0.14339
1	-0.017015
1	-0.058922
1	-0.018089
1	0.1147
1	0.06485
1	0.018591
1	-0.024262
1	0.11783
1	-0.11564
1	-0.078006
1	0.057391
1	0.10364
1	0.3362
1	0.044631
1	0.033498
1	0.084874
1	0.15451
1	-0.013249
1	0.14325
1	0.19732
1	0.004274
1	0.0071488
1	0.31362
1	0.19009
1	-0.020256
1	0.020209
1	0.22774
1	0.21222
1	0.0085489
1	-0.26747
1	0.024989
1	-0.095871
1	0.046239
1	0.18677
1	0.12985
1	0.015219
1	0.050607
1	0.17072
1	0.37941
1	0.1319
1	0.29273
1	0.14456
1	0.18816
1	0.036882
1	0.2292
1	0.18772
1	0.2642
1	0.076135
1	0.034654
1	0.015266
1	0.27105
1	0.31928
1	0.11168
1	0.033136
1	0.086315
1	0.82008
1	0.52606
1	-0.24225
1	-0.19183
1	0.020751
1	0.014724
1	0.09062
1	0.31271
1	0.44703
1	0.19958
1	-0.0066822
1	0.32518
1	0.16808
1	0.28825
1	-0.056551
1	0.19265
1	-0.0020687
1	0.023079
1	0.15031
1	0.10079
1	0.4333
1	0.12267
1	0.18035
1	0.11344
1	0.07177
1	-0.01541
1	0.18304
1	0.026548
1	-0.04947
1	-0.060161
1	0.40139
1	0.012431
1	0.021175
1	0.15331
1	0.047085
1	-0.010213
1	-0.051789
1	0.015924
1	-0.0015019
1	-0.048597
1	0.093266
1	0.033262
1	0.43693
1	0.19874
1	0.49075
1	0.019059
1	-0.067635
1	0.32435
1	0.24046
1	0.22818
1	0.24627
1	0.088654
1	0.081069
1	0.012204
1	0.13861
1	0.26867
1	0.025486
1	-0.077548
1	0.16822
1	0.10822
1	0.033032
1	-0.043582
1	0.044222
1	0.022573
1	0.031247
1	-0.0092961
1	0.013174
1	0.015552
1	0.052832
1	0.049136
1	0.41376
1	0.23363
1	0.17351
1	0.10616
1	0.20213
1	0.16196
1	-0.034194
1	-0.027225
1	0.1118
1	0.29985
1	0.083081
1	0.29136
1	0.16162
1	0.10986
1	0.069098
1	0.094883
1	-0.00083904
1	0.34634
1	0.29642
1	0.002167
1	0.033123
1	0.25681
1	0.21976
1	0.42911
1	0.23651
1	0.0090979
1	0.30669
1	0.090113
1	0.20915
1	-0.041626
1	0.10364
1	0.0047145
1	0.33251
1	0.25533
1	0.023565
1	0.041731
1	0.11742
1	0.31906
1	0.25233
1	0.29061
1	-0.14004
1	0.0035468
1	0.012902
1	0.1806
1	-0.024498
1	-0.0020698
1	0.14416
1	-8.834e-18
1	7.0364e-19
1	-0.03945
1	0.011592
1	0.0014427
1	-0.0024829
1	0.026784
1	0.14375
1	0
1	0.0543
1	-0.0084197
1	-0.015687
1	0.13337
1	0.14758
1	0.2997
1	0.1977
1	-5.9089e-05
1	0.00036447
1	0.074788
1	0.13948
1	0.043623
1	0.22614
1	0.23211
1	0.018209
1	0.25914
1	0.17908
0	-0.027206
0	0.42591
0	0.394
0	0.066747
0	0.040618
0	0.089956
0	0.1277
0	0.0808
0	0.28165
0	-0.1438
0	-0.048075
0	0.23232
0	0.2567
0	-0.10014
0	0.097118
0	0.018484
0	0.32572
0	-0.017017
0	0.18662
0	-0.12409
0	0.04936
0	0.039256
0	0.084809
0	0.21072
0	-0.045035
0	-0.025097
0	-0.15207
0	-0.035828
0	0.37649
0	-0.087977
0	0.18957
0	-0.0056287
0	-0.17958
0	0.042403
0	0.014481
0	0.042898
0	-0.12809
0	-0.008937
0	0.38703
0	0.2703
0	0.039204
0	0.0010141
0	0.056749
0	0.021159
0	0.082785
0	0.0041488
0	-0.0045716
0	0.052709
0	-0.070661
0	0.1459
0	-0.025614
0	0.29372
0	0.39893
0	0.22012
0	0.23237
0	-0.04164
0	0.10663
0	0.095551
0	-0.24943
0	0.052749
0	0.043759
0	0.0023332
0	-0.10138
0	-0.01891
0	0.26123
0	0.016324
0	0.31613
0	0.05707
0	0.040001
0	0.31388
0	0.13898
0	0.083007
0	0.092832
0	0.48382
0	0.2604
0	0.050604
0	0.043258
0	-0.031626
0	0.040035
0	-0.01651
0	-2.7288e-18
0	-0.012535
0	-0.0431
0	0.06469
0	0.018969
0	-0.11821
0	0.039184
0	0.1439
0	-0.021082
0	-0.068957
0	-0.0052539
0	-0.027516
0	0.014863
0	0.26917
0	0.029418
0	-0.12013
0	0.069211
0	-0.0068504
0	0.17226
0	-0.03261
0	0.12651
0	0.59298
0	0.24235
0	0.2512
0	0.40246
0	0.015682
0	0.15293
0	0.025233
0	0.19147
0	0.30163
0	-0.18083
0	0.14379
0	-0.010861
0	9.0241e-19
0	0.028704
0	0.1328
0	0.066234
0	0
0	0.21201
0	-0.082306
0	0.31113
0	-0.022968
0	0.14751
0	-0.0098639
0	0.096522
0	-0.037645
0	0.073251
0	0.10263
0	0.11464
0	0.055663
0	0.13132
0	0.20305
0	0.0069639
0	0.12152
0	0.060277
0	0.070542
0	-0.059116
0	0.13816
0	-0.020707
0	0.24701
0	0.11512
0	0.12142
0	-0.041801
0	0.24126
0	0.075613
0	0.049086
0	-0.014475
0	0.14722
0	0.23658
0	-0.079235
0	-0.0014419
0	0.27987
0	0.2059
0	-0.0036488
0	-0.034691
0	0.033226
0	-0.059736
0	0.061112
0	-0.038137
0	0.10724
0	-0.071417
0	0.12669
0	0.00044056
0	0.12372
0	0.00033216
0	-0.13383
0	0.21
0	-0.073067
0	0.13969
0	0.065598
0	0.051601
0	-0.031363
0	0.057731
0	0.047166
0	0.081866
0	0.11491
0	0.064596
0	0.33545
0	-0.016152
0	0.21598
0	0.18147
0	-0.081771
0	-0.061317
0	0.019001
0	-0.021463
0	-0.069789
0	-0.32834
0	0.043376
0	0.091204
0	0.065443
0	-0.073742
0	0.051017
0	0.048231
0	0.07597
0	0.028981
0	0.084015
0	0.18834
0	0.10761
0	0.10953
0	-0.082632
0	0.0045183
0	0.05961
0	-0.051186
0	0.37825
0	-0.01162
0	0.034045
0	-0.007522
0	0.10963
0	-0.088794
0	0.11799
0	0.013058
0	-0.025066
0	-0.1049
0	-0.019032
0	0.11512
0	0.2241
0	0.083626
0	-0.15682
0	0.18813
0	-0.033847
0	0.0063559
0	-0.13103
0	-0.0025768
0	-0.10042
0	0.06899
0	0.091644
0	0.11182
0	0.024514
0	-0.01417
0	0.020815
0	-0.013388
0	-0.00051989
0	0.19977
0	0.15947
0	-0.17316
0	0.075536
0	0.0055716
0	0.28525
0	-0.068069
0	0.047657
0	0.11399
0	0.045169
0	0.14375
0	-0.0037518
0	0.048243
0	-0.17466
0	-0.0096846
0	0.066365
0	0.047106
0	0.14469
0	0.08137
0	0.0047213
0	-0.00096258
0	-0.020425
0	-0.11591
0	-0.027686
0	-0.10956
0	-0.0063172
0	-0.098011
0	-0.084932
0	0.21453
0	0.10989
0	0.12479
0	-0.045696
0	-0.095719
0	0.014123
0	0.0075637
0	-0.068928
0	0.11137
0	-0.097371
0	0.041912
0	0.052291
0	-0.099522
0	-0.077657
0	-0.0094398
0	0.037733
0	0.20038
0	0.24931
0	0.2773
0	0.37769
0	-0.018617
0	-0.24455
0	0.12039
0	0.05642
0	-0.099712
0	-0.10215
0	-0.092474
0	-0.10334
0	-0.0071045
0	0.29881
0	0.23287
0	0.034297
0	-0.047171
0	-0.0022348
0	0.044987
0	0.1206
0	0.212
0	0.15511
0	0.20419
0	0.18651
0	-0.062928
0	0.020452
0	-0.053194
0	0.15507
0	-0.0085407
0	0.043206
0	-0.083715
0	0.23454
0	0.011267
0	0.053121
0	4.3395e-05
0	0.034297
0	0.38099
0	0.032869
0	0.29895
0	0.17563
0	0.042572
0	0.016746
0	0.1535
0	0.11786
0	0.013783
0	0.030687
0	-0.10908
0	0.024774
0	0.0599
0	-0.0762
0	-0.078269
0	0.36758
0	-0.037517
0	0.023714
0	-0.012873
0	0.078198
0	0.084002
0	0.0039839
0	-0.12862
0	-0.017733
0	0.17036
0	-0.20643
0	0.084442
0	0.011163
0	-0.15666
0	-0.11738
0	0.41248
0	0.072208
0	-0.16038
0	0.073073
0	0.20624
0	-0.20541
0	-0.032971
0	0.023394
0	0.016032
0	0.11762
0	0.059777
0	-0.10516
0	0.15838
0	-0.018081
0	-0.0041028
0	0.022647
0	0.1618
0	-0.061194
0	-0.13615
0	0.2278
0	0.027138
0	-0.032983
0	0.083066
0	0.083953
0	-0.059602
0	0.28118
0	0.1694
0	-0.10047
0	0.021476
0	0.095114
0	0.22851
0	0.24867
0	-0.15534
0	-0.056682
0	0.13219
0	0.2535
0	0.11279
0	-0.0011273
0	2.2691e-18
0	0.060493
0	0.097465
0	0.046186
0	0.11028
0	0.15668
0	-0.19412
0	0.099927
0	0.037089
0	0.0033488
0	0.0092887
0	0.04375
0	-0.084244
0	-0.039171
0	0.23382
0	-0.14138
0	-0.031484
0	0.068499
0	-0.063187
0	-4.4e-06
0	0.017869
0	0.050472
0	0.0049572
0	0.083663
0	0.11456
0	-0.026227
0	-0.063957
0	-0.01105
0	-0.081259
0	-0.0073088
0	0.027831
0	0.060753
0	-0.018366
0	0.78305
0	0.041572
0	0.06667
0	-0.046763
0	-0.11515
0	0.25924
0	-0.011697
0	0.26368
0	0.076253
0	0.24086
0	0.078187
0	-0.15299
0	0.011243
0	0.022859
0	0.039172
0	0.11205
0	0.1827
0	-0.10457
0	-0.063686
0	0.0013643
0	0.0012235
0	0.15073
0	0.25737
0	0.082056
0	0.032034
0	0.05271
0	0.12607
0	0.016404
0	0.14755
0	-0.072822
0	0.8122
0	0.063128
0	-0.007365
0	-0.0026273
0	0.13885
0	0.05169
0	0.060727
0	0.12505
0	-0.11623
0	-0.025386
0	0.19775
0	0.05782
0	-0.017484
0	-0.04083
0	-0.047702
0	0.10212
0	0.077094
0	0.44766
0	0.056458
0	0.11333
0	0.016125
0	0.067437
0	0.058725
0	0.080775
0	-0.0092621
0	-0.24733
0	0.15372
0	-0.057082
0	0.055341
0	0.17968
0	0.14593
0	-0.16633
0	0.3716
0	0.034194
0	0.22696
0	0.12916
0	0.14667
0	-0.0020884
0	0.057714
0	0.043212
0	0.075788
0	-0.01341
0	0.19446
0	0.0030159
0	-0.080906
0	0.009482
0	-0.0063085
0	0.017547
0	-0.13289
0	0.029817
0	0.061224
0	0.078563
0	-0.030917
0	0.12132
0	0.16241
0	0.12477
0	-0.023062
0	0.00010919
0	0.072287
0	0.0090945
0	-0.15641
0	0.0011235
0	0.29969
0	0.048168
0	-0.051862
0	-0.0016879
0	0.41348
0	0.0084345
0	-0.097991
0	-0.08013
0	0.042233
0	0.020054
0	0.050548
0	0.10588
0	0.036771
0	-0.0026437
0	0.18722
0	0.041587
0	0.046116
0	-0.050579
0	-0.036136
0	0.00093459
0	0.8244
0	-0.22744
0	0.065749
0	0.46737
0	0.031911
0	0.20798
0	0.054175
0	-0.10499
0	0.022433
0	-0.15265
0	0.12402
0	0.26966
0	0.1063
0	0.07982
0	0.11457
0	-0.028982
0	0.059146
0	0.11227
0	-0.10894
0	0.06954
0	-0.018495
0	0.1116
0	-0.11995
0	0.19754
0	0.0049117
0	-0.038314
0	0.085883
0	-0.25306
0	0.042789
0	0.016185
0	-0.10261
0	-0.011457
0	-0.011847
0	0.071123
0	0.097628
0	0.025824
0	0.23857
0	-0.11234
0	0.29852
0	0.11582
0	-0.031325
0	-0.17645
0	-0.1155
0	0.081808
0	-0.1081
0	0.035871
0	0.051069
0	0.35492
0	0.02657
0	0.079569
0	-0.072721
0	0.19168
0	0.083509
0	0.16671
0	0.16644
0	0.011016
0	0.2003
0	0.040984
0	-0.089206
0	-0.025117
0	0.12122
0	0.16524
0	0.18514
0	0.10859
0	-0.28775
0	-0.075844
0	-0.016104
0	0.33161
0	0.11829
0	0.19844
0	0.12895
0	0.1314
0	0.13686
0	-0.044251
0	-0.16875
0	0.24633
0	0.4317
0	-0.061915
0	0.10861
0	-0.049441
0	0.025366
0	0.16033
0	0.50267
0	0.1191
0	0.15305
0	0.10401
0	0.12953
0	-0.15069
0	0.066914
0	0.15696
0	0.3211
0	0.055242
0	-0.1775
0	0.12797
0	0.029271
0	0.19696
0	0.21387
0	0.076609
0	0.08516
0	-0.03694
0	-0.043988
0	0.11199
0	-0.10003
0	0.17739
0	0.080008
0	0.10402
0	0.1769
0	-0.073333
0	-0.044323
0	0.073827
0	0.090083
0	0.13311
0	0.17409
0	-0.0014902
0	-0.081962
0	0.010766
0	0.046557
0	0.043495
0	0.17034
0	0.024984
0	0.14517
0	0.19695
0	0.021074
0	-0.26547
0	0.041084
0	-0.048588
0	-0.1855
0	-0.045719
0	0.33456
0	0.11857
0	0.098948
0	0.042819
0	0.053328
0	0.1183
0	-0.13817
0	-0.23404
0	0.198
0	0.33991
0	0.1229
0	0.053574
0	0.058029
0	0.15047
0	0.033739
0	-0.067369
0	0.022931
0	-0.014971
0	0.00063285
0	0.1289
0	0.60023
0	-0.16783
0	0.4213
0	0.015246
0	0.19439
0	0.017921
0	0.11432
0	-0.057042
0	-0.050767
0	0.11491
0	0.0075741
0	-0.007936
0	0.35703
0	0.052767
0	0.52622
0	-0.026823
0	-0.0068629
0	0.0067304
0	-0.086791
0	-0.036168
0	-0.0044781
0	-0.010654
0	-0.060372
0	0.079585
0	0.0031919
0	-0.082476
0	0.11001
0	0.15494
0	-0.21405
0	0.057778
0	-0.18301
0	0.17093
0	0.080245
0	-0.028057
0	-0.020103
0	0.04384
0	-0.11003
0	0.094543
0	-0.014541
0	-0.10441
0	0.11735
0	-0.07254
0	0.38064
0	-0.066691
0	0.0098322
0	-0.063616
0	0.20573
0	0.2942
0	0.052487
0	-0.046248
0	-0.10027
0	0.011289
0	0.37419
0	-0.033599
0	-0.012974
0	0.040938
0	-0.022937
0	-0.10475
0	0.14215
0	0.11778
0	0.055539
0	-0.016691
0	0.094888
0	0.063591
0	0.20458
0	-0.081694
0	-0.042457
0	0.065692
0	0.1013
0	0.3205
0	-0.039503
0	0.060904
0	0.12647
0	0.21462
0	0.18826
0	0.0096866
0	-0.022867
0	-0.10156
0	0.048375
0	-0.018173
0	0.18785
0	0.089298
0	-0.026793
0	-0.066192
0	-0.17973
0	0.11611
0	0.25696
0	-0.045053
0	0.07501
0	0.28056
0	-0.095122
0	0.30596
0	-0.13118
0	0.19475
0	0.084756
0	0.041541
0	0.43377
0	-0.014738
0	-0.063187
0	-0.096261
0	0.043699
0	0.06413
0	-0.29531
0	-0.081133
0	-0.11529
0	-0.15296
0	-0.030774
0	0.046992
0	-0.030488
0	0.16958
0	0.021983
0	0.17233
0	0.11053
0	0.0011184
0	-0.010419
0	-0.026322
0	-0.12084
0	-0.0085973
0	-0.09609
0	-0.048524
0	0.034285
0	0.13917
0	0.15149
0	-0.023401
0	0.1158
0	-0.05273
0	-0.034491
0	-0.10821
0	0.068446
0	-0.092667
0	0.18442
0	0.068939
0	-0.013037
0	0.15928
0	-0.025075
0	-0.076427
0	0.10568
0	-0.0068399
0	0.11181
0	0.13809
0	-0.1392
0	0.079585
0	0.093446
0	-0.058909
0	-0.1247
0	-0.020528
0	-0.040481
0	-0.11868
0	-0.055286
0	0.035761
0	-0.14546
0	0.27239
0	0.13403
0	-0.0099667
0	0.033725
0	-0.16039
0	0.19218
0	-0.097196
0	0.081656
0	0.015037
0	0.071691
0	0
0	0.11095
0	0.035306
0	0.055539
0	0.23891
0	0.44929
0	0.07041
0	0.61491
0	0.10661
0	-0.16987
0	0.074581
0	0.14814
0	0.13626
0	0.15443
0	0.037787
0	0.24482
0	0.41085
0	0.19323
0	0.29209
0	0.16542
0	0.067367
0	0.13879
0	-0.1266
0	-0.18376
0	-0.016398
0	0.046664
0	0.035496
0	-0.088167
0	0.066693
0	0.15558
0	-0.16332
0	0.13416
0	0.17688
0	0.37366
0	-0.031628
0	0.04519
0	0.26833
0	0.017587
0	-0.022019
0	0.19405
0	-0.017987
0	0.10274
0	-0.04996
0	-0.00062879
0	0.055006
0	-0.0067049
0	0.023954
0	0.041841
0	0.14765
0	-0.014413
0	0.50186
0	-0.039721
0	-0.061688
0	0.43285
0	0.077148
0	0.074325
0	-0.070351
0	-0.17612
0	0.055799
0	-0.01239
0	0.0044545
0	-0.036333
0	-0.071666
0	0.34631
0	0.040138
0	0.015793
0	-0.024249
0	0.10173
0	0.11168
0	-0.037294
0	0.040053
0	0.11113
0	-0.10496
0	-0.077568
0	0.031092
0	0.39397
0	0.04643
0	0.15902
0	0.37955
0	0.061204
0	0.14577
0	-0.073171
0	0.069051
0	-0.01919
0	0.020692
0	0.1047
0	0.35452
0	-0.23265
0	-0.011913
0	0.087362
0	-0.0040313
0	0.23767
0	-0.016548
0	0.24277
0	0.10942
0	0.37639
0	-0.036044
0	0.58347
0	-0.1119
0	-0.086635
0	-0.1231
0	-0.11199
0	-0.045053
0	0.2309
0	0.038133
0	0.094993
0	-3.6852e-18
0	0.26511
0	0.0032217
0	0.08102
0	0.094557
0	-0.00052824
0	0.2147
0	-0.015498
0	-0.15587
0	0.034456
0	-0.16412
0	-0.13437
0	0.029064
0	0.071545
0	0.2512
0	0.027786
0	0.042424
0	-0.072215
0	0.10562
0	0.19508
0	0.05299
0	0.18821
0	0.091152
0	0.18991
0	-0.053022
0	-0.0016296
0	-0.083604
0	0.080462
0	-0.26611
0	-0.13887
0	-0.13132
0	-0.0042635
0	-0.24818
0	0.25181
0	0.28767
0	-0.0028542
0	-0.024997
0	0.09033
0	0.037119
0	0.10836
0	0.023383
0	0.28286
0	-0.22279
0	0.039908
0	0.25578
0	0.17913
0	-0.192
0	0.29788
0	-0.04249
0	0.066165
0	0.14317
0	-0.037273
0	-0.018886
0	0.37087
0	0.027714
0	0.058674
0	0.17982
0	-0.30171
0	-0.25046
0	0.056315
0	0.020961
0	-0.068807
0	-0.06944
0	-0.039599
0	0.023688
0	0.051892
0	0.078051
0	-0.010258
0	-0.037853
0	0.11705
0	0.0057035
0	0.11307
0	0.13486
0	-0.027496
0	0.057022
0	0.039364
0	-0.075083
0	0.029411
0	0.33737
0	-0.12255
0	0.13116
0	-0.054066
0	-0.06089
0	0.057362
0	-0.1445
0	0.0050649
0	0.017506
0	-0.01814
0	0.16948
0	0.014134
0	0.14869
0	0.065472
0	0.015041
0	-0.010868
0	0.19521
0	0.083873
0	0.10886
0	-0.062414
0	0.065049
0	-0.018849
0	-0.014047
0	-0.19161
0	0.10634
0	0.094875
0	0.25377
0	0.012317
0	0.17923
0	-0.02351
0	0.025544
0	0.14164
0	0.11759
0	-0.17402
0	0.18437
0	0.34525
0	0.032489
0	0.016722
0	0.16036
0	-0.28399
0	0.17363
0	0.16841
0	-0.0089079
0	0.087196
0	0.14702
0	0.057303
0	0.073351
0	0.018936
0	0.048696
0	-0.013521
0	0.10192
0	0.059957
0	0.1257
0	0.34844
0	-0.12808
0	0.010018
0	-0.13931
0	0.067244
0	-0.021445
0	0.070827
0	-0.097605
0	0.25195
0	0.066942
0	0.097172
0	0.064764
0	0.064052
0	0.0058635
0	0.041704
0	-0.097385
0	0.093435
0	0.23756
0	0.047497
0	0.075654
0	0.079406
0	0.081719
0	0.075231
0	0.059265
0	-0.040917
0	-0.04689
0	0.039478
0	0.16425
0	0.015135
0	0.29323
0	-0.054269
0	0.03654
0	-0.011123
0	0.053595
0	0.01007
0	-0.038781
0	-0.045008
0	0.019702
0	0.04478
0	-0.062848
0	0.23742
0	-0.2748
0	-0.012972
0	-0.032695
0	0.0034074
0	0.36573
0	-0.052747
0	0.21769
0	-0.17724
0	0.11109
0	0.06533
0	-0.02871
0	0
0	-0.090399
0	0.0057941
0	0.047765
0	0
0	0.44737
0	0.1077
0	-0.013788
0	0.069533
0	0.042183
0	0.011997
0	0.11092
0	-0.054965
0	0.0091325
0	0.055666
0	-0.022961
0	0.046235
0	0.067662
0	0.31368
0	0.11901
0	0.10933
0	-0.1661
0	-0.020302
0	0.15342
0	-0.015968
0	0.13328
0	-0.058274
0	0.2718
0	0.1619
0	-0.085813
0	-0.061698
0	-0.23328
0	-0.033614
0	0.19037
0	0.2383
0	0.01178
0	0.045029
0	-0.05471
0	-0.067545
0	0.10612
0	0.13886
0	0.54977
0	0.3703
0	0.10508
0	0.20002
0	0.038305
0	0.035025
0	-0.13545
0	0.0020388
0	0.25542
0	-0.0085344
0	-0.10454
0	0.23562
0	0.087317
0	-0.0078993
0	0.043869
0	-0.091831
0	0.11884
0	0.029349
0	0.027219
0	0.18286
0	0.072821
0	0.60433
0	0.051337
0	-0.017551
0	0.054807
0	0.21109
0	-0.029506
0	0.026917
0	0.017255
0	-0.16588
0	0.10803
0	0.055616
0	0.18042
0	0.0057171
0	0.011294
0	-0.033354
0	-0.14932
0	-0.045848
0	-0.13036
0	0.18363
0	0.4918
0	0.13013
0	0.034082
0	0.16176
0	-0.29471
0	0.0091413
0	0.11399
0	0.079103
0	0.010366
0	0.204
0	-0.071891
0	0.2806
0	-0.1488
0	0.084237
0	-0.10882
0	0.044734
0	0.12377
0	0.053638
0	-0.06442
0	-0.1684
0	0.24076
0	-0.015564
0	0.006223
0	0.044778
0	-0.012108
0	-0.011997
0	-0.03491
0	0.038405
0	0.047679
0	0.037234
0	-0.010752
0	-0.11714
0	0.16441
0	-0.031832
0	0.10568
0	-0.027863
0	0.021429
0	0.1876
0	-0.039106
0	0.0983
0	0.19451
0	0.2122
0	0.02576
0	0.22498
0	0.21564
0	0.074979
0	0.19685
0	-0.044679
0	0.32166
0	0.055773
0	0.094822
0	-0.091529
0	0.085391
0	-0.090061
0	-0.036217
0	-0.13737
0	0.042052
0	-0.26882
0	0.056681
0	0.10566
0	-0.14934
0	0.077794
0	0.17048
0	0.18319
0	0.14228
0	0.057866
0	-0.10656
0	-0.070999
0	0.15696
0	0.20044
0	-0.031483
0	0.14918
0	-0.047659
0	0.11933
0	0.24381
0	0.20226
0	0.2323
0	0.16466
0	-0.057594
0	0.17652
0	-0.070104
0	-0.040094
0	-0.035851
0	0.19352
0	0.13673
0	-0.029344
0	0.11249
0	-0.039121
0	0.37217
0	-0.089222
0	0.15744
0	0.18338
0	0.061186
0	0.13123
0	0.072998
0	-0.014754
0	0.064519
0	0.11942
0	-0.026895
0	0.031741
0	0.093759
0	0.11565
0	-0.0033628
0	-0.10791
0	0.012414
0	0.24411
0	-0.014028
0	0.18761
0	0.079624
0	0.060264
0	-0.25338
0	0.086164
0	-0.1321
0	-0.12496
0	-0.015954
0	0.002586
0	0.055648
0	0.050709
0	-0.050941
0	-0.092496
0	-0.18196
0	0.2134
0	0.13566
0	0.039352
0	0.084555
0	-0.052816
0	0.022704
0	0.020283
0	0.20812
0	0.092009
0	-0.087785
0	0.036947
0	0.097498
0	0.35111
0	0.026972
0	0.10341
0	0.077317
0	0.010286
0	-0.11066
0	-0.012958
0	0.18706
0	-0.046833
0	-0.058596
0	-0.05265
0	0.042375
0	0.0389
0	-0.017583
0	0.010884
0	0.044886
0	0.07829
0	-0.016264
0	0.024118
0	0.21215
0	0.27389
0	0.22908
0	0.039188
0	-0.11114
0	-0.036763
0	-0.042383
0	-0.10043
0	0.050134
0	-0.017553
0	0.093354
0	0.014904
0	0.1098
0	-0.14769
0	0.047517
0	0.023224
0	0.41487
0	-0.18352
0	0.040345
0	0.0072146
0	-0.0066735
0	0.024619
0	0.093411
0	-0.098307
0	5.4827e-05
0	-0.025316
0	0.013686
0	0.020152
0	0.060475
0	0.0036518
0	-0.10663
0	0.049069
0	0.067263
0	0.0098312
0	-0.20551
0	0.0058659
0	-0.032117
0	-0.051047
0	0.10723
0	0.047025
0	0.074404
0	-0.040264
0	-0.015142
0	0.17617
0	0.022969
0	-0.011604
0	0.013419
0	-0.070786
0	-0.046149
0	-0.032026
0	0.38127
0	-0.071406
0	-0.0067528
0	0.26911
0	0.014061
0	0.20941
0	0.19796
0	0.067943
0	0.15172
0	-0.088508
0	0.083858
0	0.30949
0	0.058249
0	0.11145
0	0.071526
0	0.11906
0	-0.022415
0	0.11677
0	0.077344
0	-0.062206
0	0.087557
0	0.046873
0	0.1787
0	-0.019689
0	-0.051088
0	0.49919
0	0.048612
0	0.02811
0	-0.076862
0	-0.030589
0	-0.025146
0	0.2435
0	-0.006253
0	0.0523
0	0.080703
0	0.098591
0	-0.17924
0	-0.019824
0	0.045885
0	0.047736
0	0.045513
0	-0.085799
0	0.037631
0	0.12641
0	0.076305
0	0.088414
0	0.19227
0	-0.11343
0	0.19228
0	0.051183
0	0.074879
0	0.34553
0	0.28368
0	0.047798
0	0.31542
0	0.0048536
0	-0.072582
0	0.082984
0	0.15106
0	0.0030903
0	0.24206
0	0.044427
0	-0.031519
0	-0.003591
0	0.12882
0	0.094479
0	0.016889
0	-0.059877
0	0.22256
0	-0.021356
0	-0.132
0	-0.069433
0	0.17722
0	-0.19962
0	0.015442
0	0.10239
0	0.0035214
0	-0.15636
0	0.17845
0	0.0051999
0	0.016893
0	0.036484
0	-0.046083
0	0.16212
0	0.30254
0	0.044366
0	0.14964
0	-0.07706
0	0.069882
0	0.055994
0	0.4573
0	-0.047751
0	-0.019672
0	0.12711
0	-0.0069101
0	0.5375
0	-0.071377
0	0.08728
0	-0.012575
0	0.23871
0	-0.022902
0	0.1161
0	0.37458
0	0.25254
0	-0.15301
0	0.032475
0	0.2473
0	-0.19639
0	0.11988
0	-0.12036
0	-0.031571
0	0.069647
0	0.30928
0	-0.076095
0	0.030475
0	-0.028401
0	0.078236
0	0.012005
0	0.054038
0	-0.046702
0	0.0043853
0	0.022739
0	0.23545
0	0.064717
0	0.17201
0	0.0022288
0	0.20687
0	-0.1455
0	0.26029
0	0.035961
0	0.36954
0	0.11427
0	0.35651
0	-0.0040083
0	0.065348
0	-0.069905
0	-0.045378
0	-0.015401
0	-0.033447
0	0.11446
0	0.065959
0	-0.072317
0	0.33001
0	0.095932
0	0.069842
0	0.17472
0	-0.027057
0	0.30995
0	-0.10527
0	0.050155
0	0.050942
0	-0.096086
0	0.31431
0	-0.025631
0	0.29126
0	-0.0043493
0	0.55194
0	-0.063928
0	-0.56633
0	-7.7807e-19
0	-0.064099
0	0.00060557
0	-0.064587
0	-0.26384
0	0.19121
0	-0.10221
0	0.22083
0	-0.0048591
0	0.0051897
0	-0.04089
0	0.037253
0	-0.32061
0	0.027155
0	-0.086958
0	-0.031549
0	0.23647
0	0.21648
0	-0.0054073
0	0.48617
0	0.00031868
0	0.046188
0	0.072463
0	-0.1119
0	0.041641
0	-0.096542
0	0.037861
0	-0.10921
0	0.10447
0	0.15207
0	0.2852
0	0.038654
0	-0.079279
0	-0.07438
0	0.015906
0	0.00077368
0	-0.029864
0	-0.12346
0	0.14043
0	0.00091728
0	0.20169
0	-0.039002
0	0.0019331
0	0.011989
0	0.31577
0	0.28148
0	-0.10119
0	-0.16997
0	-0.16814
0	-0.068865
0	0.053864
0	-0.11475
0	-0.061157
0	0.071977
0	0.09817
0	-0.00036457
0	-0.0064763
0	0.12726
0	0.016621
0	0.1237
0	0.19502
0	0.08932
0	-0.0030074
0	0.034405
0	0.15025
0	-0.00056435
0	0.10625
0	-0.13318
0	-0.07761
0	0.070978
0	0.0888
0	0.076777
0	0.076086
0	-0.035373
0	0.0839
0	0.10872
0	0.0948
0	-0.058776
0	0.068579
0	0.18837
0	0.0073573
0	0.126
0	0.036635
0	0.024304
0	0.14526
0	0.0070642
0	-0.083594
0	0.0041687
0	-0.10185
0	0.20255
0	0.26554
0	-0.0043134
0	0.052827
0	0.087753
0	-0.1028
0	0.082515
0	-0.066842
0	0.11368
0	0.15862
0	0.42037
0	0.16748
0	0.014971
0	-0.012053
0	0.23921
0	-0.010425
0	0.043899
0	-0.050562
0	0.021699
0	0.18574
0	0.11917
0	0.10597
0	0.20441
0	-0.029094
0	0.27427
0	-0.041301
0	0.21042
0	-0.084785
0	0.039141
0	0.054011
0	0.07601
0	0.0045569
0	-0.040083
0	0.13223
0	-0.12742
0	3.1776e-18
0	0.025631
0	0.12315
0	-0.096934
0	-0.043329
0	0.05076
0	-0.0073941
0	-0.1183
0	-0.05532
0	-0.051718
0	0.17293
0	-0.0031247
0	0.1128
0	-0.03014
0	-0.26892
0	-0.085886
0	-0.24277
0	0.15582
0	0.042877
0	0.030362
0	0.060742
0	0.047809
0	-0.12412
0	0.12139
0	0.10804
0	-0.10357
0	0.25996
0	0.31802
0	0.23245
0	0.052273
0	-0.070828
0	0.14753
0	0.026322
0	-0.039736
0	0.074562
0	0.0014746
0	0.099652
0	-0.21231
0	0.35126
0	-0.15003
0	0.16504
0	-0.09452
0	-0.070029
0	-0.054541
0	0.52366
0	0.27137
0	0.064069
0	-0.023968
0	-0.092277
0	-0.013751
0	0.34553
0	-0.15719
0	0.19866
0	0.073152
0	0.17503
0	-0.10974
0	-0.063122
0	-0.0095911
0	0.20079
0	-0.074603
0	-0.068421
0	0.098462
0	-0.14792
0	0.19412
0	0.046835
0	0.25935
0	-0.14412
0	0.014308
0	0.18148
0	0.038781
0	-0.090029
0	0.12385
0	-0.091948
0	0.0034242
0	0.02501
0	0.08654
0	-0.018598
0	0.017754
0	-0.12826
0	-0.079621
0	0.069408
0	0.059367
0	0.10478
0	-0.083015
0	0.14928
0	0.26663
0	0.048508
0	0.039961
0	-0.025419
0	0.21484
0	0.046476
0	-0.079196
0	0.033639
0	0.075077
0	-0.22914
0	0.11863
0	-0.057231
0	-0.21113
0	0.090965
0	-0.050367
0	0.0092803
0	0.13976
0	-0.22119
0	0.084942
0	0.00052706
0	0.063852
0	-0.043685
0	0.045908
0	-0.11387
0	-0.1665
0	-0.070054
0	0.063149
0	0.074512
0	0.041842
0	0.56882
0	0.21269
0	0.013096
0	-0.017134
0	0.053864
0	-0.028006
0	-0.11915
0	-0.079168
0	0.073209
0	0.020811
0	0.12983
0	0.089806
0	0.075208
0	0.0027765
0	5.3959e-05
0	0.15317
0	0.0030205
0	0.11785
0	0.22419
0	0.032296
0	-0.0368
0	0.30759
0	-0.08473
0	0.039013
0	0.035159
0	0.29278
0	-0.049625
0	0.4389
0	0.1933
0	0.0061993
0	-0.087219
0	-0.02261
0	-0.019617
0	0.042386
0	0.0034475
0	0.096517
0	0.097831
0	0.18977
