1	0.64574
1	0.23313
1	-0.081799
1	0.090307
1	-0.012842
1	0.20443
1	0.51483
1	0.46314
1	0.82777
1	0.43017
1	0.47713
1	0.0014279
1	0.39734
1	0.16784
1	0.14819
1	0.17658
1	0.77014
1	-0.12409
1	0.47363
1	0.41829
1	0.16621
1	0.11288
1	0.3459
1	0.30313
1	0.41079
1	-0.063176
1	0.42756
1	0.46961
1	0.12741
1	0.1246
1	0.57212
1	0.80045
1	0.29816
1	-0.0076934
1	-0.010823
1	0.48652
1	0.033625
1	0.49203
1	0.72666
1	0.39014
1	0.065403
1	0.32103
1	0.72564
1	0.076547
1	0.26889
1	0.18185
1	0.2868
1	0.2737
1	0.23334
1	0.21854
1	0.38739
1	0.24918
1	0.47034
1	0.22847
1	0.42515
1	0.10617
1	0.43986
1	0.3645
1	0.12192
1	0.69756
1	0.7659
1	0.53558
1	0.48268
1	0.20009
1	0.66959
1	0.052324
1	0.1087
1	0.28131
1	-0.0035166
1	0.28893
1	0.39667
1	0.45554
1	0.45468
1	0.054436
1	0.24364
1	0.62357
1	0.59802
1	0.43342
1	0.54356
1	0.07674
1	0.20075
1	0.7052
1	0.74884
1	0.37859
1	0.69928
1	0.34589
1	0.14192
1	0.43401
1	0.33305
1	-0.029379
1	0.46868
1	0.22924
1	0.31063
1	0.2705
1	0.10852
1	0.17455
1	0.25155
1	0.53142
1	0.21221
1	0.38957
1	0.030081
1	0.26085
1	0.02396
1	0.46507
1	0.13975
1	0.32363
1	0.14943
1	0.099908
1	-0.070259
1	0.10854
1	0.2483
1	0.079457
1	0.69291
1	0.46473
1	0.34378
1	0.41731
1	-0.1524
1	0.092394
1	0.12431
1	0.4012
1	0.29324
1	0.60501
1	0.43339
1	0.55817
1	0.42085
1	0.34281
1	0.46587
1	0.26528
1	0.068945
1	0.63885
1	0.31224
1	0.027599
1	0.29732
1	0.31362
1	0.16891
1	0.48602
1	0.31377
1	0.16461
1	0.28701
1	0.53721
1	0.64594
1	0.51013
1	0.11334
1	0.11407
1	0.54156
1	0.61565
1	-0.2629
1	0.38151
1	0.73128
1	0.43677
1	0.58661
1	0.68177
1	-0.10293
1	0.29065
1	0.41134
1	0.21253
1	0.40968
1	0.59615
1	0.5047
1	0.0090219
1	0.19751
1	0.59305
1	0.24597
1	0.063666
1	0.0073667
1	0.39244
1	0.59514
1	-0.27408
1	0.28798
1	0.042578
1	0.68794
1	0.41686
1	0.02071
1	0.56128
1	0.5328
1	0.55908
1	0.50801
1	0.27221
1	0.29686
1	0.43234
1	0.30878
1	0.4815
1	0.41789
1	0.24657
1	0.38668
1	0.40891
1	0.42616
1	0.083383
1	0.28866
1	0.46775
1	0.18731
1	0.77249
1	0.25447
1	0.69739
1	0.065502
1	0.68492
1	0.058988
1	-0.18309
1	0.055945
1	0.11324
1	0.34236
1	0.59049
1	0.5189
1	0.2028
1	0.36451
1	0.11153
1	0.48027
1	0.30259
1	-0.073289
1	0.57175
1	0.36261
1	0.39158
1	0.30935
1	0.46867
1	0.18677
1	0.36067
1	0.16721
1	0.59662
1	0.22232
1	0.22366
1	0.090167
1	0.589
1	0.42148
1	0.3433
1	-0.1178
1	0.55004
1	0.41119
1	0.62354
1	0.50583
1	0.15424
1	0.49462
1	0.59156
1	0.10985
1	-0.096435
1	0.42334
1	0.70557
1	0.51395
1	0.21843
1	0.16326
1	0.51302
1	0.44028
1	0.58172
1	0.38772
1	0.72549
1	0.62018
1	0.48119
1	0.30776
1	0.6257
1	0.24459
1	0.46625
1	0.47197
1	0.25863
1	0.3132
1	0.27753
1	0.38029
1	0.67207
1	0.41532
1	0.27262
1	0.089993
1	-0.051211
1	0.25599
1	0.37
1	0.19327
1	0.45352
1	-0.0017181
1	0.60027
1	0.1652
1	-0.019925
1	0.014696
1	0.72642
1	0.29606
1	0.2588
1	0.38328
1	0.42467
1	-0.018949
1	0.34863
1	0.3353
1	0.37916
1	0.18913
1	0.49836
1	0.65899
1	0.33114
1	0.2742
1	0.26937
1	0.22324
1	0.65885
1	0.625
1	0.54853
1	0.64957
1	0.59608
1	0.60103
1	0.4318
1	0.44546
1	0.62346
1	0.72125
1	0.64924
1	0.61337
1	0.41464
1	0.03078
1	0.27249
1	0.57831
1	0.055975
1	0.20155
1	0.17021
1	0.76007
1	0.45836
1	-0.049977
1	0.56396
1	0.41997
1	0.23463
1	0.035071
1	0.4356
1	0.39199
1	0.44373
1	0.15959
1	0.60492
1	-0.12349
1	0.43048
1	0.14604
1	0.70482
1	0.48169
1	0.5935
1	0.67769
1	0.22638
1	0.18419
1	0.43446
1	0.24585
1	0.16531
1	0.2016
1	0.16097
1	0.12325
1	0.26348
1	0.25954
1	-0.15925
1	-0.083845
1	0.52134
1	0.61672
1	0.11873
1	0.66393
1	0.17993
1	0.19271
1	0.5526
1	0.62863
1	0.36427
1	0.59107
1	0.63364
1	0.13671
1	0.69826
1	0.4128
1	0.4993
1	0.12882
1	0.42025
1	0.36849
1	0.38863
1	0.03549
1	0.29941
1	0.2522
1	0.42619
1	0.26903
1	0.25284
1	0.24658
1	0.20861
1	0.23842
1	0.25539
1	0.36287
1	0.28611
1	0.43145
1	0.6417
1	0.77615
1	0.2324
1	0.041588
1	0.26064
1	0.29068
1	0.12649
1	0.24106
1	0.37052
1	-0.0050748
1	0.15105
1	0.40386
1	0.56986
1	0.059152
1	0.44671
1	0.51183
1	0.58775
1	0.33826
1	0.45034
1	0.47602
1	0.19481
1	0.12105
1	0.10214
1	0.3832
1	0.11226
1	0.10165
1	0.12227
1	0.47032
1	0.11282
1	0.35187
1	0.06597
1	0.12509
1	0.20195
1	0.25126
1	0.33577
1	0.14237
1	0.26461
1	0.03266
1	0.46646
1	0.17872
1	-0.033632
1	-0.093427
1	0.33162
1	0.074723
1	-0.0042856
1	0.21137
1	0.07356
1	0.11974
1	0.54086
1	0.10879
1	0.94916
1	0.73402
1	0.44504
1	0.50864
1	0.30768
1	0.3421
1	0.62064
1	0.68223
1	0.18033
1	0.25718
1	0.45072
1	0.16567
1	0.083239
1	0.075065
1	0.0026858
1	0.58854
1	0.28274
1	0.27126
1	0.4456
1	0.22412
1	0.22505
1	0.33825
1	0.54671
1	0.4732
1	-0.023207
1	0.22935
1	0.67778
1	0.5462
1	0.72124
1	0.64322
1	0.53523
1	0.66877
1	0.47069
1	0.42904
1	0.50159
1	0.13054
1	0.4085
1	0.18035
1	0.3156
1	0.44376
1	0.7101
1	0.27796
1	0.43299
1	0.22631
1	0.28409
1	0.4648
1	0.58991
1	0.28674
1	0.5691
1	0.31624
1	0.53686
1	0.4088
1	0.41207
1	0.39254
1	0.39646
1	0.50724
1	0.46904
1	0.48171
1	0.59004
1	-0.17363
1	0.26411
1	0.25096
1	0.050563
1	0.55886
1	0.27422
1	0.34904
1	0.45031
1	0.39287
1	0.63122
1	0.50695
1	0.27227
1	0.41991
1	0.44964
1	0.64284
1	0.75096
1	-0.040465
1	0.1318
1	0.4626
1	0.18864
1	0.31335
1	0.11961
1	0.34076
1	0.55351
1	0.17947
1	0.29491
1	0.50815
1	0.57057
1	0.46732
1	0.49965
1	0.92214
1	0.70125
1	0.078901
1	0.79968
1	0.31567
1	0.54744
1	0.39667
1	0.13242
1	0.76172
1	0.43801
1	0.66176
1	0.28953
1	0.078572
1	0.57721
1	0.76924
1	0.38378
1	0.3144
1	0.20742
1	0.14897
1	0.18844
1	0.42553
1	0.033143
1	0.35083
1	0.32571
1	0.63878
1	0.59575
1	0.58478
1	0.22824
1	0.65528
1	0.50118
1	0.18982
1	0.44404
1	0.23483
1	0.33268
1	0.50996
1	0.14847
1	0.50077
1	0.48132
1	0.50972
1	0.17559
1	0.19605
1	0.10075
1	0.35987
1	0.48608
1	0.13563
1	0.094973
1	0.21503
1	0.17377
1	0.2575
1	0.081341
1	0.19619
1	0.53005
1	0.58916
1	0.21854
1	0.80737
1	0.001996
1	0.59598
1	0.6003
1	0.13245
1	0.52376
1	0.48011
1	0.33227
1	0.42998
1	0.24215
1	0.32783
1	0.16995
1	0.16977
1	0.45084
1	0.30215
1	0.081934
1	0.41901
1	0.2432
1	0.41513
1	0.4717
1	0.2104
1	0.5504
1	0.26347
1	0.47544
1	0.23935
1	0.056998
1	0.37155
1	0.29285
1	0.34543
1	0.22196
1	0.094022
1	0.30669
1	0.0001637
1	-0.013819
1	0.13421
1	0.25265
1	0.29304
1	-0.018069
1	0.041216
1	0.09258
1	0.44613
1	0.26284
1	0.70593
1	0.4053
1	0.45868
1	-0.088325
1	0.20151
1	0.36139
1	0.33539
1	0.74575
1	0.53865
1	0.57734
1	0.41691
1	0.29394
1	0.83997
1	0.7039
1	0.41763
1	0.25505
1	0.39356
1	0.10777
1	0.5441
1	0.61162
1	0.34577
1	0.27899
1	0.066336
1	0.30536
1	0.56163
1	0.43557
1	0.40112
1	0.49164
1	0.085003
1	0.51668
1	0.36953
1	0.5165
1	0.57388
1	0.27113
1	0.39246
1	0.49842
1	0.45679
1	0.44548
1	0.58283
1	0.32719
1	0.11189
1	0.073536
1	0.23722
1	0.38484
1	0.40049
1	0.33247
1	0.28867
1	0.43142
1	0.45285
1	0.86221
1	0.76947
1	0.51692
1	0.01377
1	0.49293
1	0.62052
1	0.15751
1	0.50321
1	0.081698
1	0.4259
1	0.13893
1	0.57391
1	0.38864
1	0.27225
1	0.13198
1	0.37172
1	0.63372
1	0.88606
1	0.36065
1	0.60878
1	0.20167
1	0.60805
1	0.14677
1	0.20349
1	0.24411
1	0.13857
1	0.17989
1	0.39079
1	0.12549
1	0.16825
1	0.14893
1	0.60082
1	0.54318
1	0.49371
1	0.62754
1	0.52351
1	0.065464
1	0.48733
1	0.038986
1	0.77425
1	0.48586
1	0.24704
1	0.20392
1	0.051279
1	0.43663
1	0.20679
1	0.43382
1	0.16844
1	0.30406
1	0.52775
1	0.19449
1	0.49796
1	0.25687
1	0.19601
1	0.27048
1	0.26805
1	0.13904
1	0.53928
1	0.18602
1	0.3709
1	0.53517
1	0.26529
1	0.41592
1	0.35264
1	0.26816
1	0.24833
1	0.46022
1	0.15952
1	0.47123
1	0.69248
1	0.17292
1	0.39795
1	0.45045
1	0.23147
1	0.13971
1	-0.021756
1	0.36215
1	0.27077
1	0.088482
1	0.13587
1	0.21236
1	0.039752
1	0.18948
1	0.50186
1	0.076758
1	0.31194
1	0.2341
1	-0.01051
1	-0.09889
1	-0.053364
1	0.35649
1	0.31334
1	0.14492
1	0.24468
1	0.46683
1	0.70773
1	0.44627
1	0.73736
1	0.080457
1	0.13084
1	0.19613
1	0.36085
1	0.19136
1	-0.19254
1	0.34954
1	0.26981
1	0.17572
1	0.23401
1	0.021611
1	0.30174
1	0.29746
1	0.22859
1	0.44708
1	0.53965
1	0.33661
1	0.33519
1	0.19041
1	-0.044085
1	0.078535
1	0.59318
1	0.19338
1	-0.032946
1	0.024715
1	0.28647
1	0.17636
1	0.36292
1	0.36394
1	0.19684
1	0.072837
1	0.22676
1	0.1561
1	0.036253
1	0.39049
1	0.1555
1	0.45975
1	0.17735
1	0.27461
1	0.14494
1	0.30628
1	0.50085
1	0.061095
1	0.18036
1	0.2577
1	0.0059166
1	0.09877
1	0.046532
1	0.0044346
1	0.40584
1	0.35118
1	0.11544
1	0.17852
1	0.034093
1	0.38152
1	0.16457
1	0.3033
1	0.082123
1	0.39196
1	0.30206
1	0.53885
1	0.25986
1	0.61208
1	0.46204
1	0.68402
1	0.24849
1	0.0099682
1	0.33272
1	0.21884
1	0.37917
1	0.69527
1	0.64833
1	0.17174
1	0.39601
1	0.2694
1	0.41527
1	0.6929
1	-0.049196
1	-0.22621
1	0.55194
1	0.24794
1	0.14689
1	0.18455
1	0.26485
1	0.52656
1	-0.11681
1	0.18412
1	-0.12644
1	0.27987
1	0.33151
1	0.44291
1	0.20905
1	0.40935
1	0.68184
1	0.46496
1	0.63949
1	0.12757
1	0.54957
1	0.35098
1	0.3142
1	0.17066
1	0.2272
1	0.16334
1	-0.026499
1	0.56811
1	0.43417
1	0.25819
1	0.72854
1	0.70315
1	0.96256
1	0.65363
1	0.64321
1	0.62103
1	0.034594
1	0.72415
1	0.34555
1	0.43579
1	0.75453
1	0.35682
1	0.20932
1	0.61099
1	0.44886
1	0.66223
1	0.28659
1	0.27385
1	0.659
1	0.32256
1	0.10192
1	0.29776
1	0.16605
1	0.059777
1	0.10667
1	0.10373
1	0.45892
1	0.31982
1	0.27393
1	0.1349
1	0.45917
1	0.65086
1	0.1904
1	0.70054
1	0.35071
1	0.42324
1	0.27155
1	0.0022641
1	0.36159
1	0.91419
1	0.066713
1	0.36313
1	0.035318
1	0.32504
1	0.2674
1	-0.04996
1	0.36007
1	0.4552
1	0.70907
1	0.24386
1	-0.039524
1	0.12102
1	-0.020976
1	0.44922
1	0.35587
1	0.23915
1	0.36866
1	0.23971
1	0.31741
1	0.31248
1	0.51998
1	0.19389
1	0.29234
1	0.47183
1	0.43166
1	0.49948
1	0.53598
1	0.54881
1	0.66831
1	0.54604
1	0.15202
1	0.19355
1	0.3985
1	0.32949
1	0.32606
1	0.2046
1	0.43867
1	0.45988
1	0.20204
1	0.33668
1	0.24585
1	0.37252
1	0.12164
1	0.43567
1	0.44414
1	0.49071
1	0.37084
1	0.2971
1	0.35723
1	0.41801
1	0.20251
1	0.092059
1	0.21563
1	0.13027
1	-0.0028367
1	0.3195
1	0.61156
1	0.10454
1	0.53965
1	0.39952
1	0.38117
1	0.34488
1	0.29721
1	0.5635
1	0.58312
1	0.28625
1	0.37031
1	0.17471
1	0.37846
1	0.45686
1	0.17763
1	0.38728
1	0.22617
1	0.075509
1	0.38293
1	0.13729
1	0.13452
1	0.18857
1	0.24573
1	0.3727
1	-0.014064
1	0.070347
1	0.41374
1	0.2284
1	0.52563
1	0.3865
1	0.56797
1	0.52351
1	0.15025
1	0.43256
1	0.35132
1	0.36179
1	0.52823
1	0.41011
1	0.38041
1	0.41494
1	0.1942
1	0.22731
1	0.49773
1	0.16342
1	0.54548
1	0.60424
1	0.5745
1	0.2022
1	0.43439
1	0.4363
1	0.3235
1	0.23228
1	0.35601
1	0.42573
1	0.45343
1	0.36532
1	0.50473
1	0.65778
1	0.79182
1	0.50932
1	0.39797
1	0.49726
1	0.64294
1	0.76236
1	0.49947
1	0.28852
1	0.89093
1	0.30286
1	0.80077
1	0.47522
1	0.047442
1	-0.069865
1	0.78845
1	0.27328
1	0.87422
1	0.28993
1	0.045443
1	0.13377
1	0.78109
1	0.23021
1	0.14918
1	0.092467
1	-0.046814
1	0.39348
1	0.14278
1	0.30991
1	0.21705
1	0.049195
1	0.46544
1	0.20595
1	0.60591
1	0.57589
1	0.2411
1	0.3374
1	0.50053
1	0.17757
1	0.31019
1	0.61251
1	0.27675
1	0.12429
1	0.54281
1	0.32276
1	0.41612
1	0.42559
1	0.30124
1	0.13873
1	0.11783
1	0.090517
1	0.35469
1	0.10238
1	0.16174
1	0.038269
1	0.053726
1	-0.025043
1	0.14671
1	0.48082
1	0.41109
1	0.64332
1	0.2865
1	0.64519
1	0.10448
1	0.18385
1	0.12819
1	0.34165
1	0.19496
1	0.50228
1	0.22327
1	0.35661
1	0.27009
1	0.11484
1	0.050328
1	0.13569
1	0.28755
1	0.25641
1	0.054847
1	0.40522
1	0.30886
1	0.257
1	0.55933
1	0.13648
1	0.33005
1	0.22761
1	0.37141
1	0.2396
1	0.40703
1	0.25329
1	0.10521
1	0.21859
1	0.10869
1	0.67365
1	0.19048
1	0.25361
1	-0.053038
1	0.13004
1	0.51114
1	0.33183
1	0.23489
1	0.11994
1	0.1986
1	0.21022
1	0.026856
1	0.14952
1	0.38979
1	0.37156
1	0.38331
1	0.38276
1	0.33145
1	0.23631
1	0.20287
1	0.067888
1	0.53268
1	0.62336
1	0.48819
1	-0.1552
1	0.74469
1	0.51689
1	0.051949
1	0.18902
1	0.082975
1	0.24533
1	-0.033751
1	0.06433
1	0.3228
1	0.24881
1	0.12999
1	0.32335
1	0.40549
1	0.10604
1	0.55653
1	0.30724
1	0.74675
1	0.3507
1	0.4117
1	0.18387
1	-0.040423
1	0.42339
1	0.41103
1	0.50216
1	-0.16104
1	0.31155
1	0.34724
1	0.30796
1	0.1638
1	0.025791
1	0.30578
1	0.20351
1	0.05237
1	-0.022998
1	-0.011899
1	-0.058544
1	0.17718
1	0.23526
1	-0.095225
1	0.094309
1	0.23347
1	0.43834
1	0.49111
1	0.36302
1	0.73709
1	0.1969
1	0.32972
1	0.3247
1	0.25533
1	0.21167
1	0.1678
1	0.29928
1	-0.027469
1	0.092469
1	0.43893
1	0.37255
1	0.22676
1	-0.057378
1	0.11769
1	0.19597
1	0.29587
1	0.29887
1	0.26865
1	0.088821
1	0.54868
1	0.026849
1	0.6256
1	0.41178
1	0.26229
1	0.50741
1	0.27941
1	0.17782
1	0.32305
1	0.37324
1	0.4176
1	0.31769
1	0.2983
1	0.2063
1	0.29266
1	-0.051535
1	0.56585
1	0.5145
1	0.26685
1	0.40295
1	0.24138
1	0.29244
1	0.64551
1	0.4868
1	0.28871
1	0.32896
1	0.14268
1	0.55002
1	0.36511
1	-0.19608
1	0.060655
1	0.61809
1	0.11595
1	0.19725
1	0.32874
1	0.17826
1	0.33602
1	0.21198
1	0.63158
1	0.59202
1	0.45287
1	0.092265
1	0.28369
1	0.33593
1	0.15029
1	0.64981
1	0.33761
1	0.0011822
1	0.22253
1	0.28417
1	0.33699
1	0.0018682
1	0.17394
1	-0.049077
1	-0.099072
1	-0.023138
1	0.37197
1	0.15976
1	0.1455
1	0.4481
1	0.16726
1	0.3296
1	0.14919
1	0.21493
1	0.17713
1	-0.051954
1	0.17373
1	0.47351
1	0.35632
1	0.28327
1	0.23283
1	0.43648
1	0.10967
1	0.45105
1	0.64059
1	0.4681
1	0.64744
1	0.23598
1	0.29569
1	0.28229
1	0.10536
1	0.24708
1	0.33992
1	0.37638
1	0.10735
1	0.023098
1	0.3308
1	0.072041
1	0.58043
1	0.36441
1	0.19178
1	0.65723
1	0.82231
1	0.40064
1	0.34348
1	0.19069
1	0.325
1	0.27712
1	0.24499
1	0.90394
1	0.41433
1	0.36402
1	0.41459
1	0.22001
1	0.22959
1	0.45231
1	-0.24247
1	0.44222
1	0.26976
1	0.33666
1	0.12916
1	0.080675
1	0.2663
1	0.48641
1	0.21444
1	0.38807
1	0.20746
1	-0.020911
1	0.14535
1	0.052985
1	0.62181
1	0.14663
1	0.046408
1	0.47857
1	0.2945
1	0.4488
1	-0.10566
1	0.072411
1	-0.31949
1	0.098697
1	0.23888
1	0.071379
1	0.46233
1	0.42783
1	0.07216
1	0.36773
1	0.19602
1	0.062473
1	-0.017497
1	0.14858
1	0.76896
1	0.24357
1	0.46367
1	0.38312
1	0.23238
1	0.19439
1	0.32395
1	-0.012672
1	0.078391
1	0.22082
1	0.22109
1	0.18341
1	0.23711
1	0.27276
1	0.27185
1	0.47706
1	0.1186
1	0.18066
1	0.084697
1	0.084027
1	0.11871
1	0.33632
1	0.017594
1	0.074519
1	0.14231
1	-0.30407
1	0.20634
1	0.45664
1	0.25613
1	0.50993
1	0.37069
1	0.39968
1	0.45572
1	0.33159
1	0.18852
1	0.5991
1	0.3853
1	0.40035
1	0.22297
1	0.46901
1	0.48852
1	0.080342
1	0.63807
1	-0.18914
1	-0.071082
1	0.28763
1	0.13301
1	0.58387
1	0.34293
1	0.10922
1	0.25301
1	0.38683
1	0.16745
1	0.15424
1	0.091174
1	0.055355
1	0.0051434
1	0.056993
1	0.36841
1	0.38405
1	0.29953
1	0.47937
1	0.10278
1	0.060121
1	0.11283
1	0.77916
1	0.24888
1	0.30839
1	0.24867
1	0.11333
1	0.14896
1	0.092525
1	0.26453
1	0.093669
1	0.29143
1	0.73625
1	0.34785
1	0.27787
1	0.13268
1	-0.091537
1	0.50777
1	0.6055
1	0.15779
1	0.46283
1	0.050288
1	0.18261
1	-0.097975
1	0.35693
1	0.28388
1	0.053958
1	-0.087801
1	0.31931
1	0.34072
1	0.22522
1	0.52095
1	0.21741
1	0.19535
1	0.24453
1	0.42484
1	0.093059
1	0.14387
1	-0.046463
1	0.16
1	0.61986
1	0.29746
1	0.079056
1	0.28409
1	0.45102
1	0.080208
1	0.60596
1	0.14436
1	0.31371
1	0.56957
1	0.35402
1	0.82015
1	0.17019
1	0.33087
1	0.29306
1	-0.026049
1	0.11056
1	0.35205
1	0.35588
1	-0.010615
1	0.24256
1	0.17953
1	0.24625
1	0.43601
1	0.2408
1	0.31042
1	0.44799
1	0.30703
1	0.11512
1	0.013703
1	0.2149
1	0.052142
1	0.077796
1	0.30369
1	0.16666
1	0.22059
1	0.19345
1	0.41635
1	0.060794
1	0.37091
1	0.34596
1	0.35188
1	0.21815
1	0.17748
1	0.072986
1	0.36859
1	0.042072
1	0.00023134
1	0.096921
1	0.0077522
1	0.018369
1	0.31234
1	0.61831
1	0.58273
1	0.36841
1	-0.055692
1	0.3028
1	0.6661
1	0.31516
1	0.20066
1	0.021271
1	0.6468
1	0.42577
1	0.4763
1	0.29381
1	0.30089
1	0.19663
1	0.17077
1	0.22189
1	0.43561
1	0.24823
1	0.43949
1	0.50436
1	0.44101
1	0.20437
1	0.13963
1	0.11988
1	0.34007
1	0.60371
1	0.056287
1	0.27789
1	0.16967
1	0.33189
1	0.24335
1	0.60007
1	0.27103
1	0.10509
1	0.55051
1	0.43555
1	0.61763
1	0.26233
1	0.048212
1	0.20949
1	0.047633
1	0.35022
1	0.35653
1	0.22083
1	0.53833
1	0.52132
1	0.58008
1	0.44632
1	0.48037
1	-0.074544
1	0.15901
1	0.52692
1	0.30423
1	0.21413
1	-0.056097
1	-0.026539
1	0.51884
1	0.29346
1	0.28639
1	0.096092
1	0.39382
1	0.62294
1	0.10313
1	0.45668
1	0.27331
1	0.2659
1	0.21338
1	0.17931
1	0.02373
1	0.34352
1	0.075608
1	0.53011
1	0.1115
1	0.15399
1	0.071753
1	0.018193
1	0.081671
1	0.54632
1	0.37693
1	0.42913
1	0.23037
1	0.10342
1	0.18016
1	0.10362
1	0.3223
1	0.1341
1	0.13299
1	0.16006
1	0.12679
1	0.14504
1	0.080068
1	0.06344
1	0.32308
1	0.23965
1	0.22993
1	0.63854
1	0.26311
1	0.058988
1	0.59144
1	0.57702
1	-0.089575
1	0.044974
1	0.32307
1	0.12593
1	0.21861
1	-0.012148
1	0.31859
1	0.22462
1	0.28239
1	0.12773
1	-0.14393
1	0.33693
1	0.51309
1	0.32461
1	0.40525
1	-0.018687
1	0.020961
1	0.0052667
1	-0.14082
1	0.049243
1	-0.18748
1	0.090715
1	0.016691
1	0.081346
1	0.14677
1	0.06393
1	0.059729
1	0.17382
1	0.18912
1	0.2923
1	0.21037
1	0.16526
1	0.061799
1	0.074265
1	-0.060505
1	0.059527
1	0.0055244
1	-0.17833
1	-0.10885
1	-0.0072277
1	-0.01845
1	0.0066316
1	0.21906
1	0.33273
1	0.12773
1	0.14977
1	0.21583
1	0.078636
1	0.16174
1	0.033292
1	0.24422
1	0.050661
1	-0.14547
1	-0.41436
1	0.10421
1	0.075272
1	0.32524
1	0.24465
1	0.030288
1	0.098869
1	0.20679
1	0.1374
1	0.13881
1	0.04018
1	0.24129
1	0.30024
1	0.27165
1	0.37591
1	0.14741
1	0.37293
1	0.16372
1	0.13308
1	-0.00037679
1	0.013918
1	0.11279
1	0.0052722
1	-0.017017
1	-0.086305
1	0.041013
1	0.23944
1	-0.018033
1	0.19592
1	0.34615
1	-0.041822
1	-0.03277
1	-0.10311
1	0.054571
1	0.095996
1	0.15041
1	-0.10576
1	0.085477
1	-0.029207
1	0.21743
1	-0.072463
1	0.10747
1	0.16307
1	0.10533
1	0.53427
1	0.14179
1	0.24755
1	0.6831
1	-0.099748
1	-0.050787
1	-0.18406
1	0.31713
1	0.149
1	0.28192
1	0.28974
1	0.12859
1	-0.029654
1	-0.049622
1	0.054003
1	-0.080406
1	-0.21319
1	0.091778
1	0.054505
1	0.54629
1	0.49161
1	0.27812
1	0.050324
1	0.083082
1	0.14093
1	0.15449
1	0.0063817
1	-0.017771
1	0.076896
1	0.17489
1	0.12151
1	0.38848
1	0.088646
1	0.24228
1	-0.1145
1	0.2594
1	0.21246
1	0.055787
1	0.14106
1	0.030014
1	0.042134
1	0.21539
1	0.008249
1	-0.0011821
1	-0.038277
1	-0.0065531
1	-0.18611
1	0.070156
1	-0.059696
1	0.52524
1	0.057101
1	0.22179
1	0.28936
1	0.072336
1	0.10744
1	-0.016735
1	0.026943
1	-0.052776
1	0.0046026
1	-0.023221
1	0.086758
1	0.062475
1	0.11148
1	0.20391
1	0.18098
1	0.10103
1	-0.025474
1	0.10811
1	0.11438
1	0.07133
1	0.069157
1	0.24299
1	0.11955
1	0.040679
1	0.05563
1	0.2794
1	0.070918
1	0.085565
1	0.024402
1	-0.0078554
1	0.046854
1	0.19754
1	0.00068759
1	0.039875
1	0.098325
1	-0.010338
1	-0.09188
1	0.037735
1	0.18269
1	0.067842
1	0.06827
1	0.068513
1	0.022822
1	0.38454
1	-0.04198
1	-0.0001061
1	0.11044
1	-0.11338
1	0.084131
1	0.028862
1	0.3015
1	0.23649
1	0.030945
1	-0.10191
1	0.13108
1	0.19846
1	0.078794
1	0.037877
1	0.032574
1	0.33646
1	0.043106
1	0.08475
1	0.19279
1	0.15577
1	0.153
1	0.16548
1	0.30414
1	0.089309
1	0.11693
1	0.15459
1	0.12923
1	0.13576
1	0.1766
1	0.21761
1	-0.044779
1	0.067261
1	0.16437
1	0.30156
1	0.0028112
1	0.16533
1	0.289
1	0.17207
1	0.065214
1	0.1412
1	-0.048496
1	0.034681
1	0.029311
1	0.11673
1	-0.010247
1	-0.020174
1	0.020489
1	0.16982
1	0.095986
1	0
1	0.079988
1	0.0045107
1	-3.6866e-18
1	0.27481
1	0.00046222
1	0.026377
1	0.051278
1	0.23853
1	0.012836
1	0.099011
1	0.30483
1	0.44153
1	0.3236
1	0.21831
0	-0.11866
0	0.05105
0	0.030514
0	0.1622
0	-0.014145
0	0.22039
0	-0.084168
0	-0.1227
0	-0.14785
0	0.27623
0	0.027628
0	-0.17645
0	-0.088852
0	-0.0094117
0	0.2037
0	0.018441
0	0.057498
0	0.2078
0	-0.0086833
0	0.26209
0	0.063542
0	0.11535
0	0.0086836
0	0.071852
0	0.07338
0	-0.25637
0	0.12893
0	0.63645
0	-0.043583
0	0.068447
0	0.025961
0	0.20119
0	-0.17894
0	0.15948
0	0.040754
0	0.081441
0	0.17993
0	0.16565
0	-0.066197
0	0.0034758
0	0.008544
0	0.12717
0	0.081513
0	-0.00097843
0	0.014795
0	0.096429
0	0.24809
0	0.072072
0	0.052172
0	0.10466
0	0.24703
0	0.1103
0	-0.018025
0	0.17326
0	0.088761
0	-0.071137
0	0.015427
0	0.069746
0	0.14171
0	0.08102
0	-0.10907
0	0.00068867
0	-0.012218
0	-0.011558
0	0.15118
0	0.1291
0	0.0012972
0	0.2331
0	0.05794
0	0.25631
0	-0.041131
0	-0.096734
0	-0.14969
0	0.43792
0	0.22826
0	-0.1829
0	0.091734
0	0.14696
0	-0.02451
0	-0.0081642
0	0.043274
0	-0.042477
0	0.050832
0	0.0072647
0	0.1687
0	-0.029996
0	-0.070384
0	0.07731
0	0.17192
0	-0.041027
0	-0.0023347
0	0.026311
0	0.071091
0	-0.19663
0	-0.07466
0	0.14363
0	-0.0091285
0	0.060501
0	0.059181
0	0.1028
0	0.23747
0	-0.062821
0	0.20786
0	-0.020213
0	-0.038949
0	0.062433
0	-0.048878
0	0.24486
0	0.047349
0	-0.11031
0	0.46028
0	0.11544
0	-0.11717
0	0.47706
0	-0.26795
0	0.13625
0	0.099223
0	0.27195
0	0.18249
0	0.4276
0	-0.042498
0	0.18822
0	0.049908
0	0.2723
0	0.037232
0	0.029987
0	-0.25282
0	0.020531
0	0.045989
0	-0.069847
0	0.016711
0	0.62863
0	0.35402
0	0.036714
0	0.1005
0	0.092815
0	0.0039213
0	-0.017263
0	0.13528
0	-0.058539
0	0.18326
0	-0.1325
0	0.017223
0	-0.052479
0	-0.1171
0	-0.15886
0	-0.028017
0	-0.010606
0	-0.070021
0	-0.15894
0	0.14045
0	0.082584
0	0.14918
0	0.053318
0	0.026906
0	0.18556
0	-0.10743
0	0.066295
0	0.15196
0	-0.0070117
0	0.04048
0	0.017701
0	0.089425
0	0.11035
0	0.26299
0	-0.061047
0	0.16078
0	-0.001652
0	-0.038039
0	0.15363
0	0.021239
0	0.070948
0	-0.019058
0	-0.12727
0	0.084947
0	0.067469
0	-0.13438
0	-0.0029908
0	0.41711
0	0.017447
0	0.28128
0	-0.05955
0	0.064678
0	0.027289
0	-0.07362
0	-0.092373
0	0.083213
0	0.037687
0	0.1416
0	-0.026481
0	-0.04389
0	-0.053888
0	-0.17696
0	-0.12447
0	0.10731
0	0.22101
0	0.36445
0	0.046529
0	0.018585
0	-0.068433
0	0.0060458
0	-0.043548
0	0.03401
0	-0.13851
0	-0.027703
0	0.026278
0	0.059775
0	0.04709
0	0.026472
0	-0.0057925
0	-0.016441
0	0.14848
0	0.090786
0	0.054342
0	-0.071443
0	-0.008603
0	0.12538
0	-0.028229
0	-0.1401
0	0.16596
0	0.0021228
0	-0.015892
0	0.039493
0	-0.041468
0	0.49299
0	0.13882
0	0.018387
0	-0.046119
0	0.091685
0	-0.030926
0	0.19849
0	0.13255
0	0.018411
0	0.073934
0	0.11548
0	0.031013
0	0.13826
0	-0.021066
0	0.1023
0	0.0086266
0	0.42799
0	0.22393
0	-0.045221
0	-0.11686
0	0.028972
0	0.18316
0	-0.11715
0	0.025454
0	0.43036
0	0.078197
0	0.0031112
0	0.067239
0	-0.048126
0	0.27132
0	-0.012729
0	0.060069
0	-0.02279
0	0.35854
0	-0.0061254
0	0.24961
0	-0.0033867
0	0.046294
0	0.17668
0	0.11264
0	-0.082237
0	0.012914
0	0.078383
0	0.010771
0	0.22602
0	-0.029938
0	1.7602e-05
0	-0.0053036
0	0.034859
0	0.36193
0	0.067808
0	-0.10783
0	-0.045182
0	-0.036033
0	-0.046515
0	0.012275
0	0.1163
0	0.14993
0	-0.031309
0	0.14947
0	0.20214
0	0.086632
0	0.026127
0	-0.070546
0	0.29123
0	0.18983
0	-0.13831
0	0.10786
0	0.0035602
0	0.070735
0	0.054574
0	0.086685
0	0.0072921
0	-0.086875
0	0.032392
0	0.18496
0	0.011781
0	0.090421
0	0.0018773
0	0.081897
0	0.047209
0	0.30394
0	0.17618
0	-0.11112
0	-0.00010208
0	-0.056557
0	-0.037185
0	-0.056548
0	0.087241
0	-0.031551
0	-0.027127
0	-0.13631
0	0.0085411
0	-0.15364
0	-0.19978
0	0.036535
0	-0.034793
0	0.065419
0	0.03566
0	0.056875
0	-0.052026
0	0.13839
0	-0.0057311
0	0.18633
0	0.097055
0	0.024172
0	0.040283
0	0.040242
0	0.001956
0	-0.019352
0	0.4822
0	0.1337
0	-0.00891
0	-0.13247
0	0.39527
0	0.15281
0	0.087178
0	0.070917
0	0.28882
0	-0.071302
0	0.045948
0	0.14782
0	0.19797
0	0.033139
0	0.07727
0	-0.096175
0	0.063142
0	0.021141
0	-0.016874
0	-0.0084411
0	-0.04345
0	0.056697
0	0.011396
0	0.22305
0	-0.033059
0	0.27168
0	0.033879
0	0.11014
0	0.098789
0	0.064484
0	0.059355
0	0.14282
0	0.19034
0	0.098368
0	0.13017
0	0.20158
0	0.01776
0	0.067645
0	0.42876
0	0.063423
0	0.064069
0	0.061832
0	0.014622
0	0.15305
0	-0.055155
0	0.034743
0	0.12676
0	0.18896
0	0.21582
0	0.0043939
0	-0.016548
0	0.29515
0	0.072251
0	0.031676
0	2.8221e-18
0	0.28001
0	0.13577
0	-0.078954
0	-0.13319
0	0.075417
0	0.085014
0	0.10256
0	-0.052826
0	-0.03155
0	-0.052328
0	-0.10016
0	0.098344
0	0.02498
0	-0.015189
0	-0.074638
0	0.15577
0	-0.26414
0	0.29223
0	0.14613
0	0.12459
0	0.14487
0	0.039736
0	-0.027443
0	0.074536
0	-0.013083
0	0.214
0	0.083055
0	0.054368
0	0.075325
0	0.14137
0	0.12887
0	0.072637
0	-0.11022
0	-0.028013
0	0.11372
0	0.12563
0	0.01679
0	0.040426
0	0.10533
0	-0.17701
0	-0.095538
0	0.028811
0	-0.10862
0	0.051205
0	-0.21744
0	0.13172
0	0.090754
0	0.060693
0	0.036707
0	0.27729
0	0.070013
0	0.080453
0	-0.0097624
0	0.081322
0	0.04906
0	0.16522
0	-0.036569
0	0.0011234
0	-0.014672
0	-0.03038
0	0.47272
0	0.20803
0	-0.057013
0	0.011666
0	-0.045587
0	0.10952
0	-0.0066778
0	0.0060488
0	-0.075049
0	-0.062876
0	0.46937
0	-0.18255
0	0.1414
0	-0.033378
0	-0.049181
0	-0.02443
0	0.072799
0	-0.15989
0	8.3724e-05
0	0.13441
0	0.011385
0	-0.051325
0	-0.035947
0	-0.10254
0	-0.10732
0	0.23101
0	-0.21612
0	0.30021
0	-0.028325
0	0.10318
0	-0.13172
0	-0.049958
0	0.095861
0	-0.037474
0	0.27872
0	-0.12044
0	0.00919
0	0.32728
0	-0.031808
0	-0.022165
0	0.18681
0	-0.072521
0	0.10713
0	0.015472
0	0.018214
0	0.0014859
0	0.047051
0	0.0048069
0	0.077374
0	0.17494
0	0.025316
0	0.14134
0	2.4375e-18
0	0.00036278
0	0.035984
0	0.11707
0	0.017535
0	-0.11345
0	-0.040503
0	-0.014991
0	0.16471
0	0.13195
0	0.11779
0	-0.013103
0	-0.037144
0	-0.00058313
0	0.41633
0	-0.055362
0	0.11317
0	0.0068701
0	0.2262
0	0.27172
0	-0.15096
0	0.011841
0	0.16008
0	0.22569
0	0.15243
0	0.20287
0	0.20296
0	0.0085541
0	0.14204
0	-0.14265
0	-0.17378
0	0.076813
0	0.012666
0	0.33665
0	0.10254
0	0.25727
0	-0.069569
0	0.50584
0	0.10155
0	-0.039932
0	0.39429
0	0.19895
0	0.071822
0	-0.10915
0	-0.027451
0	-0.035071
0	0.057839
0	-0.082392
0	-0.028227
0	0.099419
0	0.17367
0	0.040037
0	-0.084583
0	0.167
0	0.13197
0	0.27152
0	0.14662
0	-0.024877
0	0.11675
0	0.073254
0	-0.084925
0	0.035565
0	-0.059469
0	0.34657
0	0.084832
0	-0.030374
0	-0.005763
0	0.053946
0	0.0066695
0	-0.011542
0	-0.092423
0	0.060198
0	0.0025471
0	-0.01994
0	0.031156
0	0.084711
0	0.10318
0	0.07574
0	0.20057
0	0.10576
0	-0.20869
0	-0.1053
0	0.015075
0	0.019049
0	0.22381
0	0.041247
0	-0.062469
0	0.25651
0	-0.001149
0	0.18734
0	-0.022768
0	-0.0080138
0	1.3367e-18
0	-0.018579
0	-0.081133
0	-0.017418
0	0.051831
0	0.032533
0	-0.014763
0	0.16167
0	0.23731
0	-0.019943
0	0.16959
0	-0.040074
0	-0.17943
0	0.34932
0	0.18009
0	0.00024328
0	0.35741
0	-0.081985
0	0.0081479
0	0.13439
0	0.06974
0	-0.09853
0	0.088968
0	-0.075893
0	0.18407
0	-0.010621
0	-0.14716
0	0.062579
0	0.27224
0	-0.062189
0	-0.10744
0	0.0018873
0	0.0098225
0	0.037943
0	0.26557
0	0.083703
0	0.094652
0	0.04978
0	0.18026
0	-0.080441
0	-4.7873e-18
0	0.2372
0	0.0059316
0	0.13775
0	-0.011971
0	0.045958
0	-0.073617
0	-0.19306
0	0.064301
0	-0.04687
0	-0.070744
0	0.20436
0	0.15131
0	-0.085604
0	-0.053851
0	0.072086
0	0.12926
0	0.061343
0	0.070625
0	0.004716
0	-0.13456
0	-0.17713
0	0.021137
0	0.018705
0	0.10644
0	0.091812
0	0.052964
0	0.04906
0	-0.062523
0	0.10297
0	-0.0039023
0	-0.050116
0	0.17608
0	0.13219
0	0.0076517
0	-0.046742
0	0.059387
0	0.1854
0	-0.16437
0	0.041283
0	0.030686
0	0.3786
0	0.065281
0	-0.13585
0	0.11354
0	0.097424
0	-0.091068
0	-0.010762
0	0.09578
0	-0.024249
0	0.16686
0	0.17705
0	0.19622
0	0.10306
0	0.055813
0	-0.017104
0	0.085014
0	0.074384
0	-0.013669
0	0.019596
0	-0.012158
0	0.050361
0	-0.093657
0	-0.011556
0	0.34562
0	0.42299
0	-8.603e-05
0	0.034972
0	-0.043354
0	-0.19052
0	0.11024
0	0.03823
0	0.017189
0	0.34
0	-0.12473
0	-0.1369
0	0.05929
0	0.33304
0	-0.050284
0	-0.10022
0	-0.057072
0	9.7238e-19
0	-0.046786
0	-0.039426
0	0.036979
0	0.045068
0	-0.040593
0	-0.13359
0	0.38311
0	-0.12353
0	-0.040352
0	0.073445
0	0.0016421
0	-0.11312
0	0.30698
0	0.10424
0	0.027897
0	0.17489
0	-0.020552
0	0.10965
0	-0.082371
0	0.030339
0	-0.022471
0	0.085078
0	0.043604
0	-0.09402
0	0.029602
0	0.06431
0	-0.012155
0	0.091198
0	0.1008
0	0.034743
0	0.048837
0	0.1755
0	0.12277
0	-0.13957
0	0.14205
0	0.088079
0	0.15269
0	0.04733
0	-0.061898
0	-0.015853
0	0.12567
0	-0.0073821
0	0.046608
0	-0.14546
0	0.1514
0	0.065902
0	-0.048963
0	0.11783
0	0.18806
0	0.023675
0	-0.050399
0	-0.066354
0	0.14989
0	0.024439
0	0.10191
0	0.14877
0	0.28313
0	0.020132
0	0.18631
0	0.10446
0	-0.028802
0	-0.03084
0	0.10093
0	-0.074297
0	0.064931
0	0.069532
0	-0.035026
0	0.17472
0	0.2103
0	0.10266
0	0.26818
0	0.18493
0	0.040429
0	-0.048594
0	-0.016002
0	0.007063
0	-0.010249
0	-0.016716
0	0.21303
0	-0.041155
0	-0.085088
0	0.12016
0	0.053838
0	0.18707
0	-0.049171
0	0.061855
0	-0.0085985
0	0.028462
0	-0.034638
0	-0.079184
0	0.075236
0	0.043843
0	0.029878
0	-0.088693
0	-0.10565
0	-0.11747
0	0.027611
0	0.037514
0	0.028481
0	0.06676
0	0.017672
0	-0.0092212
0	-0.030773
0	-0.0060602
0	0.41629
0	0.12689
0	0.11243
0	0.078394
0	0.13492
0	-0.055794
0	-0.013352
0	0.1201
0	-0.0054697
0	-0.061676
0	0.12767
0	-0.032209
0	-0.017527
0	0.15239
0	-0.0069551
0	0.18162
0	0.087273
0	-0.08364
0	-0.087886
0	0.16854
0	0.11211
0	-0.087189
0	0.16668
0	-0.063694
0	-0.0091857
0	-0.04706
0	-0.03784
0	-0.080063
0	0.0097456
0	9.1297e-18
0	0.059558
0	-0.068996
0	0.0057818
0	0.29661
0	0.18639
0	-0.039749
0	0.067245
0	-0.00052162
0	-0.01626
0	-0.046986
0	0.11144
0	0.0033802
0	-0.018168
0	0.086698
0	0.23211
0	-0.03201
0	-0.019161
0	-0.0019675
0	0.49777
0	-0.13674
0	-0.043846
0	-0.063427
0	0.08689
0	0.051977
0	-0.046917
0	0.12791
0	0.16789
0	0.077534
0	0.1428
0	0.19201
0	-0.1721
0	0.017776
0	0.18303
0	0.053548
0	0.071515
0	-0.12514
0	0.083099
0	0.097167
0	0.061907
0	0.023446
0	-0.2187
0	0.0068602
0	0.036595
0	-0.019486
0	-0.064234
0	-0.038069
0	0.17077
0	-0.0040184
0	-0.076366
0	0.10182
0	0.16978
0	0.0335
0	0.0055462
0	0.020143
0	0.20337
0	0.11706
0	-0.023936
0	0.026719
0	-0.1057
0	-0.00021088
0	0.080027
0	-0.022052
0	0.048913
0	-0.33915
0	0.42017
0	0.089347
0	-2.1797e-18
0	0.10814
0	-0.0001938
0	0.026024
0	-0.16266
0	0.1321
0	0.60705
0	-0.1182
0	0.093695
0	0.44375
0	0.068885
0	0.15997
0	-0.12167
0	0.095521
0	-0.033519
0	-0.027439
0	0.087743
0	0.25692
0	0.067665
0	-0.087986
0	0.2135
0	-0.1801
0	-0.051956
0	-0.05368
0	-0.076
0	0.0076771
0	0.15201
0	0.33474
0	0.034037
0	0.040681
0	-0.12933
0	0.35516
0	-0.093131
0	0.054365
0	0.07546
0	-0.03088
0	0.034902
0	-0.0027181
0	-0.071903
0	-0.12246
0	0.2276
0	-0.02976
0	0.044426
0	-0.041403
0	0.29241
0	0.25032
0	-0.15775
0	0.14114
0	-0.072189
0	0.13326
0	0.013836
0	0.12188
0	0.045536
0	-0.024589
0	0.10796
0	-0.087164
0	-0.0053422
0	-0.012631
0	0.069024
0	-0.10689
0	0.089514
0	0.041909
0	0.16391
0	-0.0069369
0	0.12247
0	0.063066
0	0.035474
0	0.27407
0	0.039709
0	0.32243
0	-0.029031
0	0.013861
0	-0.047337
0	0.096607
0	0.011157
0	0.033282
0	0.088242
0	0.097399
0	-0.098375
0	0.0081115
0	-0.033994
0	0.034048
0	0.037212
0	-0.10761
0	-0.019405
0	0.043544
0	-0.097967
0	0.13348
0	-0.091978
0	0.045226
0	-0.2091
0	-0.042349
0	-0.047058
0	0.0090012
0	-0.095063
0	0.098319
0	0.1618
0	6.0396e-18
0	-0.11449
0	0.13189
0	0.051588
0	0.020106
0	0.028187
0	0.068672
0	0.031141
0	-0.020208
0	-0.11382
0	-0.033333
0	0.22687
0	0.053973
0	-0.045563
0	0.1182
0	-0.0081393
0	0.077683
0	0.041586
0	0.10181
0	-0.058978
0	-0.03416
0	-0.0015289
0	-0.0012258
0	0.088457
0	0.069917
0	-0.1079
0	0.10085
0	-0.046509
0	-0.036394
0	0.12461
0	0.14427
0	-0.054774
0	-0.0077312
0	-0.042699
0	0.19994
0	0.048878
0	0.14893
0	0.46984
0	-0.086635
0	-0.060819
0	0.49323
0	-0.11747
0	0.036958
0	0.41519
0	-0.018231
0	-0.12955
0	-0.040375
0	0.043835
0	-0.084866
0	0.03869
0	0.24344
0	0.066332
0	0.045642
0	0.0072525
0	-0.13355
0	0.0025385
0	0.14544
0	-0.063079
0	0.042059
0	0.12757
0	0.0032074
0	0.22915
0	0.05909
0	-0.03978
0	-0.042455
0	-0.076755
0	0.17017
0	0.0086039
0	-0.13329
0	-0.088654
0	-0.0055653
0	0.046037
0	0.16134
0	0.17643
0	-0.00090359
0	0.066766
0	-0.053341
0	0.077601
0	0.074913
0	0.075568
0	0.28089
0	0.060035
0	0.054224
0	-0.072988
0	0.093498
0	-0.094983
0	-0.0013321
0	0.069908
0	-0.21401
0	-0.050635
0	0.082492
0	0.10239
0	-0.072959
0	0.07878
0	0.28812
0	0.066877
0	1.1925e-18
0	0.069163
0	-0.10867
0	0.12265
0	-0.040975
0	-0.14462
0	0.30011
0	0.012702
0	0.046963
0	0.025749
0	-0.13907
0	0.21937
0	0.04853
0	0.011911
0	0.19367
0	0.08073
0	-0.019201
0	0.0068268
0	0.051788
0	0.12188
0	0.0315
0	-0.0089378
0	-0.00061416
0	-0.065346
0	0.0051044
0	0.039719
0	-0.01712
0	0.11096
0	0.049389
0	-0.17972
0	0.0013364
0	0.32868
0	0.074354
0	-0.4142
0	0.13847
0	-0.1099
0	-0.10049
0	-0.12122
0	-0.044094
0	0.096408
0	0.12741
0	0.19464
0	-0.085123
0	0.2876
0	0.012921
0	-0.02238
0	0.075588
0	-0.072965
0	-0.18557
0	-0.16379
0	0.027105
0	-0.063954
0	-0.052879
0	0.34265
0	0.011611
0	-0.047376
0	0.058502
0	0.23556
0	0.090387
0	0.13247
0	-0.058147
0	0.48876
0	-0.07421
0	0.21404
0	-0.0081213
0	0.053358
0	0.079049
0	0.28207
0	0.062229
0	-0.027126
0	0.16587
0	0.19455
0	0.092555
0	-0.0050843
0	-0.0080698
0	0.050388
0	0.015025
0	0.01122
0	-0.046035
0	0.14925
0	-0.064442
0	-0.083424
0	0.19936
0	0.013371
0	-0.071656
0	0.069555
0	0.16944
0	0.10549
0	0.085187
0	0.048063
0	0.10548
0	0.012151
0	0.051037
0	0.61714
0	0.012543
0	0.18059
0	-0.066872
0	0.020882
0	0.24208
0	0.11773
0	0.17332
0	0.37125
0	-0.092151
0	0.022999
0	0.17882
0	-0.068684
0	-0.087581
0	0.038141
0	-2.205e-18
0	0.010009
0	0.065209
0	0.007899
0	0.11808
0	0.025371
0	0.027387
0	0.053729
0	-0.10637
0	0.06859
0	0.14579
0	0.070135
0	0.10257
0	0.039621
0	0.058916
0	-0.05523
0	-0.12267
0	-0.0086284
0	0.073822
0	-0.043796
0	0.067805
0	0.15227
0	-0.070303
0	0.032877
0	-0.024069
0	0.088524
0	0.0416
0	-0.01239
0	0.01677
0	0.059231
0	0.065262
0	-0.01574
0	-0.059798
0	-0.032854
0	-0.40938
0	0.0057673
0	0.071047
0	0.021713
0	0.15462
0	0.25351
0	0.12091
0	0.05019
0	0.41827
0	0.038866
0	0.14996
0	0.42341
0	-0.13617
0	-0.11591
0	-0.03335
0	0.15599
0	0.12148
0	0.1672
0	-0.014287
0	-0.11716
0	0.19642
0	0.060472
0	0.057738
0	0.062885
0	-0.045943
0	0.11381
0	0.18044
0	0.0055429
0	-0.17094
0	0.22269
0	0.008653
0	-0.03404
0	-0.055725
0	0.0041328
0	0.31378
0	0.031475
0	0.097159
0	-0.044372
0	-0.038316
0	-0.21619
0	0.021964
0	0.026903
0	0.062158
0	0.007368
0	0.36105
0	0.13154
0	0.08943
0	0.20956
0	0.14555
0	0.034383
0	0.16074
0	0.0051793
0	0.11616
0	0.06697
0	-0.073401
0	0.074298
0	0.34691
0	0.023631
0	0.096476
0	0.22766
0	0.29747
0	0.026874
0	0.040958
0	-0.011782
0	-0.083169
0	-0.10404
0	-0.0396
0	-0.11928
0	0.11086
0	0.044267
0	-0.047165
0	0.057566
0	-0.16324
0	0.13637
0	0.1964
0	-0.00055315
0	0.085931
0	-0.011398
0	-0.024079
0	0.10419
0	0.12909
0	-0.00030132
0	0.30061
0	0.1062
0	0.0029114
0	-0.061188
0	0.10092
0	0.25563
0	-0.11421
0	-0.12211
0	-0.058042
0	0.069586
0	0.012699
0	0.0028237
0	-0.072369
0	-0.11983
0	0.13452
0	-0.13145
0	-0.092605
0	0.0038507
0	0.065535
0	-9.2441e-05
0	0.16967
0	0.07049
0	-0.1206
0	-0.022676
0	-0.12167
0	-0.00095152
0	-0.15862
0	-0.032505
0	0.077317
0	-0.048128
0	0.13692
0	-0.036667
0	-0.0047
0	0.19091
0	0.058767
0	-0.093291
0	0.1149
0	0.32294
0	-0.36224
0	0.03791
0	-0.10716
0	0.023661
0	0.023321
0	-0.061634
0	0.043637
0	0.037123
0	0.12329
0	-0.10575
0	-0.23647
0	0.039138
0	-0.17506
0	0.060339
0	-0.027934
0	0.014857
0	0.10999
0	0.080128
0	-0.055207
0	-0.01979
0	-0.038082
0	0.01654
0	-0.0023027
0	-0.12765
0	0.18413
0	0.13252
0	0.068506
0	-0.042247
0	0.0013801
0	-0.055159
0	0.16968
0	0.22923
0	-0.12436
0	-0.0079711
0	0.15976
0	0.052876
0	-0.011063
0	-0.24914
0	0.051243
0	-0.23671
0	-0.047912
0	0.099566
0	0.12818
0	0.044251
0	0.37208
0	-0.083207
0	-0.082449
0	2.7421e-18
0	-2.5071e-19
0	0.04588
0	0.15345
0	-0.0083624
0	0.051554
0	-0.080255
0	0.021435
0	-0.11679
0	0.21909
0	0.11209
0	0.065961
0	0.098502
0	0.10344
0	-0.042139
0	0.038361
0	0.039591
0	-0.008106
0	0.083956
0	0.159
0	-0.12332
0	-0.052045
0	0.013277
0	0.00059094
0	0.050907
0	0.052891
0	0.048084
0	-0.0066307
0	-0.12247
0	-0.029703
0	0.049835
0	0.33303
0	0.34146
0	0.026179
0	0.0081079
0	0.17762
0	0.12006
0	-0.031708
0	-0.10195
0	0.11664
0	0.0185
0	-0.20799
0	0.12935
0	-0.11063
0	0.0024579
0	0.064089
0	-0.044551
0	-0.018502
0	0.20124
0	0.099821
0	0.168
0	0.32492
0	0.11467
0	0.099164
0	0.062403
0	0.1629
0	-0.024305
0	0.052452
0	-0.061297
0	0.075253
0	0.082997
0	-0.083786
0	-0.1038
0	0.29781
0	0.090384
0	0.069135
0	-0.042485
0	0.30703
0	-0.040514
0	0.19178
0	0.038272
0	-0.01317
0	-0.037662
0	-0.013042
0	-0.095817
0	0.15675
0	-0.0089741
0	-0.022048
0	0.011227
0	0.29807
0	0.087735
0	0.048371
0	-0.10969
0	0.074468
0	0.16959
0	0.017636
0	0.13799
0	-0.042113
0	-0.078089
0	0.25112
0	0.015975
0	0.010573
0	-0.0094437
0	0.17988
0	0.060894
0	0.59458
0	0.026877
0	0.19259
0	0.086741
0	0.095866
0	0.056218
0	0.02363
0	0.040365
0	-0.03167
0	0.19607
0	-0.067688
0	-0.016235
0	0.050568
0	-0.18219
0	0.15319
0	-0.055511
0	-0.17729
0	0.18882
0	-0.04702
0	0.36164
0	0.060864
0	0.026055
0	0.091179
0	0.30484
0	-0.033441
0	-0.016822
0	0.061189
0	-0.041421
0	0.0095739
0	0.16292
0	0.067681
0	0.078146
0	-0.12355
0	0.10577
0	0.078889
0	-0.037158
0	-0.071681
0	0.07035
0	0.069063
0	-0.052364
0	0.019991
0	-0.10412
0	-0.015358
0	-0.12327
0	0.029233
0	0.023446
0	-0.077894
0	0.25173
0	-0.18262
0	-0.026198
0	0.16806
0	0.28885
0	0.32741
0	0.021371
0	0.0032345
0	-0.066169
0	-0.071684
0	-0.066574
0	-0.025471
0	0.046605
0	-0.089443
0	0.14304
0	-0.11316
0	0.066779
0	0.10338
0	0.13898
0	0.0039709
0	-0.10949
0	0.0094139
0	0.055999
0	-0.062269
0	-0.13483
0	-0.057038
0	0.13658
0	-0.020956
0	0.15803
0	0.034293
0	-0.0051139
0	0.08345
0	-0.12624
0	-0.087017
0	-0.10331
0	0.16845
0	-0.087717
0	0.045761
0	0.046572
0	-0.075131
0	-0.0051818
0	-0.061639
0	-0.081665
0	0.057591
0	0.019389
0	-0.088377
0	-0.055795
0	-0.018703
0	0.095494
0	0.17801
0	0.16936
0	0.077018
0	0.11818
0	-0.0081096
0	-0.049522
0	0.019363
0	0.075768
0	0.015602
0	-0.16092
0	0.15354
0	0.0209
0	0.0089213
0	0.10937
0	0.047495
0	0.066984
0	-0.035471
0	0.08302
0	0.1147
0	-0.04498
0	-0.037478
0	-0.092248
0	0.12679
0	0.060665
0	0.29231
0	-0.038246
0	-0.054613
0	0.15786
0	0.060931
0	-0.11706
0	0.050627
0	0.044367
0	0.19165
0	0.18636
0	-0.068555
0	0.063046
0	-0.18686
0	0.36357
0	-0.038102
0	-0.065094
0	-0.029305
0	0.079053
0	0.3175
0	0.094443
0	-0.12211
0	-0.0036778
0	0.11996
0	0.11581
0	-0.010604
0	-0.0022537
0	-0.069538
0	-0.071731
0	0.083222
0	-0.087873
0	0.1331
0	0.096138
0	0.44127
0	0.024273
0	0.25053
0	0.17606
0	0.0069862
0	0.10567
0	0.18478
0	0.050173
0	0.20446
0	0.1879
0	0.083115
0	-0.062044
0	-0.075866
0	-0.008029
0	0.23287
0	0.029871
0	-0.090042
0	-0.029963
0	-0.051346
0	0.28785
0	0.087181
0	-0.019499
0	0.25281
0	0.010563
0	0.016478
0	0.075372
0	0.030776
0	0.035871
0	0.084662
0	0.36093
0	-0.033347
0	-0.030117
0	0.021388
0	0.02209
0	0.049106
0	-0.14501
0	-0.01564
0	-0.11664
0	-0.1189
0	-0.09424
0	-0.034146
0	0.089339
0	-0.068065
0	0.071172
0	0.32716
0	0.082834
0	0.060171
0	0.097622
0	-0.0025436
0	0.18719
0	0.22964
0	0.14472
0	0.064947
0	-0.078609
0	-0.010412
0	0.097013
0	0.064102
0	-0.057398
0	0.28833
0	-0.11072
0	0.090129
0	0.038327
0	0.13068
0	0.072074
0	-0.011869
0	0.12914
0	0.081736
0	0.02478
0	-0.092385
0	-0.085523
0	0.099475
0	0.19278
0	0.10013
0	-0.023468
0	0.23729
0	0.083718
0	0.61633
0	0.099533
0	0.034304
0	0.16397
0	0.01926
0	-0.030592
0	0.078718
0	0.20127
0	-0.18276
0	0.013736
0	0.31071
0	0.30567
0	0.24808
0	0.090956
0	-0.027044
0	0.1168
0	-0.095258
0	-0.1394
0	-0.017191
0	-0.11252
0	0.18263
0	-0.27639
0	0.094316
0	-0.11659
0	0.1829
0	-0.11737
0	0.2631
0	0.27259
0	-0.034685
0	-0.12188
0	-0.12178
0	-0.083918
0	-0.11732
0	0.02396
0	0.14935
0	-0.077659
0	0.083363
0	-0.0088707
0	0.0023139
0	0.17011
0	0.079994
0	-0.061421
0	0.06202
0	-0.0032768
0	-0.029619
0	-0.0098982
0	0.26168
0	-0.011581
0	0.017763
0	-0.10018
0	0.41547
0	-0.046209
0	0.0076457
0	0.10246
0	0.038627
0	-0.06175
0	0.012501
0	0.054136
0	0.083341
0	-0.025276
0	0.067468
0	0.22862
0	-0.10405
0	0.058353
0	0.33785
0	-0.32117
0	0.13735
0	-0.033205
0	-0.0027187
0	-0.11025
0	0.14585
0	4.6762e-18
0	0.13459
0	-0.013683
0	0.06166
0	-1.1185e-19
0	0.081429
0	0.35905
0	-0.011301
0	-0.069775
0	0.072645
0	0.53252
0	-0.064665
0	-0.0076124
0	-0.13819
0	-0.043645
0	0.095291
0	-0.10193
0	0.25227
0	0.014711
0	-0.097347
0	0.075893
0	0.047805
0	0.064342
0	-0.026001
0	-0.1134
0	-0.0109
0	0.25713
0	-0.10223
0	0.074704
0	0.1542
0	0.014279
