1	0.60935
1	0.5776
1	0.45869
1	0.40916
1	0.34444
1	0.4038
1	0.62058
1	0.28728
1	0.39488
1	0.32067
1	0.37214
1	0.51545
1	0.25881
1	0.58172
1	0.0513
1	0.077483
1	0.25821
1	0.090504
1	0.27203
1	0.38859
1	0.079354
1	0.23315
1	0.29708
1	0.14098
1	0.00045026
1	0.40854
1	0.15933
1	0.74249
1	0.54471
1	0.55325
1	0.30329
1	0.2907
1	0.53176
1	0.59188
1	0.35643
1	0.25272
1	0.26291
1	0.11166
1	0.30935
1	0.23861
1	0.50542
1	0.26419
1	0.44838
1	0.22099
1	0.38873
1	0.15066
1	0.33534
1	0.151
1	0.43606
1	0.020411
1	0.24161
1	0.11628
1	0.12015
1	0.0038629
1	0.24988
1	0.51797
1	0.35844
1	0.59099
1	0.19241
1	0.086319
1	0.76235
1	0.71786
1	0.51943
1	0.42401
1	0.26935
1	0.26871
1	0.55309
1	0.55936
1	0.040842
1	0.10912
1	0.093738
1	-0.01185
1	0.079485
1	-0.15121
1	0.16503
1	0.40642
1	0.22318
1	0.5286
1	0.059413
1	0.15031
1	0.007983
1	0.28434
1	0.1593
1	0.27194
1	0.51013
1	0.36012
1	0.32235
1	0.39461
1	0.35051
1	0.40071
1	0.45283
1	0.20859
1	0.12864
1	0.44551
1	0.050563
1	0.016904
1	0.078336
1	0.12616
1	-0.053163
1	0.28114
1	0.13582
1	0.16741
1	0.10476
1	0.30124
1	0.32845
1	0.84417
1	0.45561
1	0.36744
1	0.73205
1	0.33303
1	0.35833
1	0.20944
1	0.30725
1	0.13375
1	0.15125
1	0.53151
1	0.32538
1	0.18133
1	-0.035817
1	0.025443
1	0.56599
1	0.35959
1	0.33303
1	0.19047
1	0.34387
1	0.22093
1	0.2405
1	0.33766
1	0.3156
1	-0.0030946
1	0.45677
1	0.34337
1	0.2727
1	-0.060956
1	0.3162
1	0.31655
1	0.69078
1	0.23847
1	0.036932
1	0.49681
1	0.16448
1	0.2361
1	0.53715
1	0.63227
1	0.53407
1	0.3787
1	0.23109
1	0.32458
1	0.91511
1	0.50226
1	0.43934
1	0.22469
1	0.33921
1	0.37406
1	0.4956
1	0.20233
1	0.70346
1	0.5833
1	0.16485
1	0.37946
1	0.25234
1	0.069878
1	0.56502
1	0.39589
1	0.21942
1	0.42869
1	0.1577
1	0.27963
1	0.36207
1	0.087717
1	0.17731
1	0.34447
1	0.32748
1	0.54966
1	0.54145
1	0.34075
1	0.13073
1	0.22208
1	0.35888
1	0.10555
1	0.4033
1	0.19555
1	0.16191
1	0.39982
1	0.53418
1	0.42447
1	0.16403
1	0.036536
1	0.61275
1	0.25266
1	0.37756
1	0.68915
1	0.87371
1	0.35157
1	0.33286
1	0.37561
1	0.2572
1	0.25217
1	0.23166
1	0.16136
1	0.16269
1	-0.1051
1	-0.0089382
1	0.18219
1	0.015666
1	0.098941
1	0.18076
1	0.17171
1	0.25945
1	0.22674
1	0.30898
1	0.24819
1	0.024113
1	0.33604
1	0.27117
1	0.47294
1	0.70662
1	0.34129
1	0.4542
1	0.29897
1	0.32108
1	0.36374
1	0.31263
1	0.65315
1	0.22803
1	0.49401
1	0.19608
1	0.55501
1	0.069256
1	0.1611
1	0.80597
1	0.49993
1	0.61933
1	0.27016
1	0.6106
1	0.41863
1	0.8354
1	0.31546
1	0.3897
1	0.94285
1	0.28399
1	0.36886
1	0.55373
1	0.13113
1	0.62637
1	0.29565
1	0.20477
1	0.49391
1	0.59321
1	0.6721
1	0.49641
1	0.28312
1	0.48812
1	0.077381
1	0.19046
1	0.50659
1	0.16714
1	0.36158
1	0.80943
1	0.47146
1	0.55449
1	0.46304
1	0.40062
1	0.43649
1	0.26837
1	0.5917
1	0.78214
1	0.34926
1	0.22226
1	0.22795
1	0.26472
1	0.052077
1	0.18505
1	0.28104
1	0.74008
1	0.60065
1	0.59403
1	0.28072
1	0.48083
1	0.70563
1	-0.0716
1	0.15266
1	0.077043
1	0.34994
1	0.26288
1	0.13801
1	0.37176
1	0.27016
1	0.090165
1	0.73731
1	0.5947
1	0.41251
1	0.6177
1	0.59344
1	0.083233
1	0.67638
1	0.65529
1	0.64501
1	0.31096
1	1.0143
1	0.5754
1	0.59259
1	0.17377
1	0.49148
1	0.49989
1	0.3315
1	0.33098
1	0.12609
1	0.045655
1	0.43058
1	0.108
1	0.70649
1	0.29636
1	0.4199
1	0.49946
1	0.44999
1	0.28808
1	0.18298
1	0.64572
1	0.20936
1	0.32471
1	0.43702
1	0.77834
1	0.9521
1	0.024913
1	1.0632
1	0.48428
1	0.34673
1	0.56805
1	0.3124
1	0.50964
1	0.35367
1	0.18879
1	0.38158
1	0.7367
1	0.64415
1	0.48303
1	0.22281
1	0.32428
1	0.61047
1	0.66246
1	0.73879
1	0.44819
1	0.589
1	0.27538
1	0.37136
1	0.49543
1	0.46451
1	-0.014024
1	0.11347
1	-0.063884
1	0.046364
1	-0.014231
1	-0.33324
1	-0.31437
1	0.72628
1	0.22983
1	0.39655
1	0.077374
1	0.26582
1	0.44949
1	0.71707
1	0.034273
1	0.034606
1	0.51861
1	0.4992
1	0.2136
1	0.42937
1	0.38502
1	0.3479
1	0.28342
1	0.64732
1	0.44054
1	0.66737
1	0.28275
1	0.6777
1	0.64414
1	0.13992
1	0.52164
1	0.6296
1	0.68476
1	0.51101
1	0.59906
1	0.77689
1	0.6157
1	0.32908
1	0.090573
1	0.34127
1	0.29148
1	0.29345
1	0.28189
1	0.20741
1	0.13982
1	0.41185
1	0.67563
1	0.06122
1	0.69603
1	0.69401
1	-0.00018732
1	-0.088122
1	0.3215
1	0.43698
1	0.22615
1	0.048938
1	0.066865
1	0.27872
1	0.65864
1	0.26571
1	0.38345
1	0.44539
1	0.3731
1	0.07972
1	0.15029
1	0.18635
1	-0.053149
1	0.19931
1	0.836
1	0.24823
1	0.31803
1	0.1866
1	0.27945
1	0.14875
1	0.22222
1	0.10115
1	0.78863
1	0.5059
1	0.38839
1	0.58535
1	0.62329
1	0.53849
1	0.42385
1	0.48919
1	0.3777
1	0.025447
1	0.70427
1	0.36946
1	-0.013237
1	0.36999
1	0.63812
1	0.40122
1	0.17751
1	0.60686
1	-0.060513
1	0.61589
1	0.62466
1	0.21895
1	0.63713
1	0.14436
1	0.21443
1	0.079035
1	0.3777
1	0.57433
1	0.3318
1	0.61727
1	0.63882
1	0.72834
1	0.15194
1	0.22929
1	0.53124
1	0.37797
1	0.55117
1	0.43879
1	0.4568
1	0.48119
1	0.45829
1	0.56345
1	0.61214
1	1.0679
1	0.45727
1	0.72272
1	0.28056
1	0.23968
1	-0.28363
1	0.17043
1	0.59445
1	0.17532
1	0.52889
1	0.60243
1	0.36184
1	0.14093
1	0.41891
1	0.32862
1	0.29687
1	0.25613
1	0.21456
1	0.085693
1	0.12524
1	0.39728
1	0.20183
1	0.2542
1	0.59597
1	0.251
1	0.59792
1	0.11734
1	0.61962
1	0.22726
1	-0.20337
1	0.63388
1	0.37326
1	0.49325
1	0.31162
1	0.27502
1	0.17427
1	0.41111
1	0.89893
1	0.7643
1	0.47713
1	0.17586
1	0.84395
1	0.52505
1	0.39312
1	0.61678
1	0.40844
1	0.47879
1	0.72289
1	0.19102
1	0.10104
1	0.27694
1	0.28051
1	0.20744
1	0.31976
1	0.10354
1	0.20553
1	0.084789
1	0.19256
1	0.027104
1	0.3936
1	0.038521
1	0.12653
1	0.63401
1	0.6048
1	-0.033643
1	0.14934
1	-0.0097869
1	0.34468
1	0.22609
1	0.37434
1	0.6566
1	0.67542
1	0.69705
1	0.46248
1	0.23351
1	0.60149
1	0.68299
1	0.3134
1	0.33754
1	0.41603
1	0.39964
1	0.2509
1	0.30277
1	0.57799
1	0.70589
1	0.58233
1	-0.009236
1	0.6191
1	0.74115
1	0.64768
1	0.36336
1	0.34981
1	0.24673
1	0.43067
1	0.15193
1	0.30505
1	0.13183
1	0.16418
1	0.34568
1	0.07425
1	0.21097
1	0.1618
1	0.29345
1	0.4808
1	0.31936
1	0.060796
1	0.16308
1	0.51451
1	0.54785
1	0.3817
1	0.63936
1	0.59009
1	0.21105
1	0.25887
1	0.52208
1	0.56009
1	0.027779
1	0.039833
1	0.80632
1	0.25171
1	0.3547
1	0.50305
1	0.50827
1	0.41998
1	0.72039
1	0.47648
1	0.56103
1	0.5718
1	0.49611
1	0.31733
1	-0.038024
1	0.025445
1	0.38874
1	0.18989
1	0.18737
1	0.40354
1	0.27335
1	0.53524
1	0.67166
1	0.23032
1	0.34429
1	0.41399
1	0.031042
1	0.53204
1	0.16437
1	0.20324
1	0.45934
1	0.0851
1	0.25682
1	0.25473
1	0.20464
1	0.45263
1	0.31479
1	0.20497
1	0.18776
1	0.17395
1	0.19123
1	0.45058
1	0.17756
1	0.26003
1	0.63665
1	0.41077
1	0.33724
1	0.59925
1	0.65198
1	0.57785
1	0.46881
1	0.19868
1	0.93687
1	0.7077
1	0.91346
1	-0.012967
1	0.52755
1	0.76715
1	0.1908
1	0.52069
1	0.4522
1	0.39355
1	0.41555
1	0.36224
1	0.27213
1	0.25587
1	0.47757
1	0.30462
1	0.53639
1	0.47995
1	0.22053
1	0.51598
1	0.5921
1	0.54863
1	0.35886
1	0.20718
1	0.13743
1	0.44341
1	0.29858
1	0.235
1	0.43101
1	0.46946
1	0.18367
1	0.4722
1	0.12608
1	0.62849
1	0.54584
1	0.40707
1	0.023812
1	0.14028
1	0.14049
1	0.24526
1	0.26819
1	0.46542
1	0.3119
1	0.39993
1	0.08121
1	0.48968
1	0.4281
1	0.45361
1	0.23262
1	0.51099
1	0.27316
1	0.062734
1	0.42962
1	0.34034
1	0.62795
1	0.72822
1	0.50582
1	0.32819
1	0.34745
1	0.38955
1	0.43399
1	0.10875
1	0.14564
1	0.16371
1	0.24503
1	0.35098
1	0.23371
1	0.11924
1	0.37646
1	0.37958
1	0.24655
1	0.37213
1	0.51998
1	0.62333
1	0.044087
1	0.055618
1	0.47381
1	0.17113
1	0.40225
1	0.21389
1	0.2737
1	0.33292
1	0.4588
1	0.37355
1	0.25551
1	0.66864
1	0.27808
1	0.67106
1	0.48213
1	0.33196
1	0.39116
1	0.63098
1	0.36367
1	0.18009
1	0.12494
1	0.29909
1	0.24919
1	0.21097
1	-0.0094243
1	0.35245
1	0.38508
1	0.47355
1	0.25901
1	0.59636
1	0.5735
1	0.27927
1	0.12084
1	0.034746
1	0.2502
1	0.15035
1	0.35788
1	0.37045
1	0.46075
1	0.33653
1	0.33254
1	0.32035
1	0.074525
1	0.081726
1	0.31699
1	0.34849
1	0.19998
1	0.055974
1	0.35539
1	0.1081
1	0.049056
1	0.18474
1	-0.03345
1	0.17579
1	-0.076089
1	0.28338
1	0.083037
1	0.25562
1	0.36676
1	0.24152
1	-0.16241
1	0.49023
1	0.31309
1	-0.046693
1	0.17989
1	0.26149
1	-0.10531
1	0.14509
1	0.24302
1	0.19322
1	0.40867
1	0.17536
1	0.43133
1	0.4943
1	0.30282
1	0.085202
1	0.08746
1	0.34932
1	0.21498
1	0.0017548
1	0.24399
1	0.31932
1	0.64446
1	-0.012121
1	0.3436
1	0.52761
1	0.41085
1	0.59194
1	0.030826
1	0.13748
1	0.41827
1	0.3224
1	0.15938
1	0.3362
1	0.098067
1	0.14818
1	-0.11758
1	0.23624
1	0.11128
1	0.46129
1	0.81601
1	0.15508
1	0.099025
1	-0.0060039
1	0.12287
1	0.2872
1	0.33554
1	0.62391
1	0.43989
1	0.52564
1	0.36016
1	0.24514
1	0.43435
1	0.12081
1	0.09628
1	-0.0099225
1	-0.074387
1	0.088399
1	0.21893
1	0.22082
1	0.40556
1	0.11694
1	0.30061
1	0.38862
1	0.32026
1	-0.014621
1	0.31497
1	0.40107
1	0.25685
1	0.13463
1	0.3922
1	0.05976
1	0.3225
1	0.45704
1	0.68208
1	0.49017
1	0.20015
1	0.10576
1	0.39364
1	0.62837
1	0.11157
1	-0.010727
1	0.3731
1	0.22083
1	0.20677
1	0.25118
1	0.20932
1	-0.039821
1	0.27389
1	0.26537
1	0.52045
1	0.60565
1	0.2295
1	0.59366
1	0.39255
1	0.50227
1	0.43493
1	0.074776
1	0.21451
1	0.21747
1	-0.1262
1	0.093828
1	0.05418
1	0.053098
1	-0.35021
1	0.085592
1	-0.10201
1	0.2474
1	0.072073
1	0.23172
1	0.033566
1	-2.1653e-05
1	0.20972
1	0.13823
1	0.29396
1	0.58194
1	0.15492
1	0.86333
1	0.59904
1	0.53367
1	0.57478
1	0.63739
1	0.5807
1	0.24771
1	0.43303
1	0.12318
1	0.59659
1	0.63119
1	0.23097
1	-0.025626
1	0.042607
1	0.29837
1	0.5837
1	-0.040281
1	0.91972
1	0.2051
1	0.33522
1	0.94224
1	0.46011
1	0.45697
1	0.48879
1	0.65587
1	0.52577
1	0.59719
1	0.44515
1	0.3503
1	0.7071
1	0.14046
1	0.28004
1	0.29608
1	0.34077
1	0.56031
1	0.26757
1	0.18045
1	0.54046
1	0.71626
1	0.24293
1	0.09144
1	0.072161
1	0.29075
1	0.3487
1	0.54434
1	0.19093
1	0.27965
1	0.42828
1	0.31833
1	0.41452
1	0.22393
1	0.10263
1	0.19323
1	0.45029
1	0.48708
1	0.20775
1	0.60176
1	0.70232
1	0.079718
1	0.34697
1	0.62796
1	0.24924
1	0.38223
1	0.59039
1	0.48989
1	-0.052484
1	0.66886
1	0.30868
1	0.16073
1	0.3503
1	-0.058221
1	0.09161
1	0.12727
1	0.50183
1	0.30476
1	0.012261
1	0.30028
1	-0.055227
1	1.015
1	0.31696
1	0.14274
1	0.12176
1	0.22795
1	0.1179
1	0.11168
1	0.44986
1	0.50334
1	-0.076617
1	0.70488
1	0.14655
1	0.053283
1	0.35681
1	0.37375
1	0.46971
1	0.42381
1	0.37925
1	0.37987
1	0.37638
1	0.63298
1	0.3889
1	0.68625
1	-0.051276
1	0.46515
1	0.45238
1	0.00011888
1	0.23932
1	0.50709
1	0.39744
1	0.6929
1	0.69263
1	0.63211
1	0.13885
1	0.28654
1	0.037937
1	0.44212
1	0.4384
1	0.58137
1	0.28422
1	0.25307
1	0.3959
1	0.11058
1	0.70887
1	0.39871
1	0.46346
1	0.44677
1	0.047285
1	0.13217
1	0.16122
1	0.069038
1	0.03327
1	0.43327
1	0.20141
1	0.29202
1	0.50617
1	0.32482
1	0.036995
1	0.26
1	0.20913
1	0.16237
1	0.099081
1	0.33752
1	0.4816
1	0.26365
1	0.03105
1	0.55997
1	0.13512
1	0.11175
1	0.54569
1	0.62275
1	0.25774
1	0.29608
1	0.44683
1	0.31422
1	0.18875
1	0.16493
1	0.061105
1	0.8954
1	0.51188
1	0.84552
1	0.53075
1	0.25241
1	0.82816
1	0.34751
1	0.57376
1	0.54349
1	0.15771
1	0.18896
1	0.7269
1	0.37704
1	0.12403
1	0.29747
1	0.44526
1	0.69484
1	0.58615
1	0.4493
1	0.60013
1	0.25399
1	0.36985
1	0.0024897
1	0.29625
1	0.32058
1	0.68899
1	0.62877
1	0.65527
1	0.95656
1	0.49395
1	0.43153
1	0.50852
1	0.72156
1	0.2545
1	0.4249
1	0.42204
1	0.33243
1	0.44127
1	0.46299
1	0.25159
1	0.39675
1	-0.0065917
1	0.021995
1	0.31334
1	0.5354
1	0.2865
1	0.34303
1	0.010753
1	0.38557
1	0.49643
1	0.079352
1	0.49159
1	0.096748
1	0.083642
1	0.27262
1	0.37075
1	0.26256
1	0.57079
1	0.53491
1	0.037159
1	0.48205
1	0.30684
1	0.40023
1	0.30633
1	-0.030239
1	0.39775
1	0.21714
1	0.26564
1	0.22348
1	0.34338
1	0.18442
1	0.1635
1	0.093297
1	0.029777
1	0.16103
1	0.45884
1	0.30722
1	0.27882
1	0.90242
1	0.46018
1	0.45315
1	0.19944
1	0.34621
1	0.12269
1	0.22428
1	0.32901
1	0.50776
1	0.40466
1	0.29685
1	0.43339
1	0.34738
1	0.10946
1	0.477
1	-0.057592
1	0.31887
1	0.53466
1	0.37875
1	0.20518
1	-0.24421
1	0.3288
1	0.28157
1	0.31013
1	0.41304
1	0.53231
1	0.16236
1	0.24829
1	0.19733
1	0.14994
1	-0.01954
1	0.019691
1	-0.12152
1	0.31947
1	-0.021982
1	0.29361
1	0.19783
1	0.57973
1	0.2515
1	0.31749
1	0.27348
1	0.55018
1	0.050046
1	0.15735
1	0.29122
1	0.32954
1	0.3335
1	0.52496
1	0.04956
1	0.56015
1	0.2458
1	0.17747
1	0.37102
1	0.25534
1	0.43189
1	0.40189
1	0.33824
1	0.37945
1	0.49573
1	0.0057013
1	-0.16197
1	0.47163
1	0.42934
1	0.10907
1	0.53972
1	0.13453
1	0.12432
1	-0.12249
1	0.25388
1	0.1979
1	0.13419
1	0.11846
1	0.28506
1	0.41453
1	0.14104
1	0.079974
1	0.5216
1	0.14946
1	0.21776
1	0.25254
1	0.56879
1	0.25295
1	0.36803
1	0.14263
1	0.11246
1	0.26752
1	0.45128
1	0.51518
1	0.33666
1	0.27609
1	0.26738
1	0.43274
1	0.077649
1	0.12832
1	0.55788
1	0.65134
1	0.49183
1	0.64037
1	0.78844
1	0.19622
1	0.3102
1	0.079065
1	0.44675
1	0.23638
1	0.34144
1	0.11379
1	-0.028501
1	0.27163
1	-0.028826
1	0.14878
1	0.43862
1	-0.0025088
1	0.29712
1	0.27993
1	0.17247
1	0.19104
1	-0.21959
1	0.41006
1	0.50436
1	0.49536
1	0.45293
1	0.16111
1	-0.018504
1	0.47775
1	-0.04745
1	-0.030988
1	0.1266
1	0.24873
1	0.31902
1	0.1922
1	0.54401
1	0.4007
1	-0.0079875
1	0.34275
1	0.071221
1	0.47929
1	0.32258
1	0.34238
1	0.42528
1	0.17795
1	0.56191
1	0.61786
1	0.40916
1	0.25287
1	0.22132
1	-0.067879
1	-0.079413
1	0.29473
1	0.26956
1	0.41094
1	0.39068
1	-0.069099
1	0.19094
1	0.45688
1	0.20724
1	0.1454
1	0.28854
1	0.35281
1	-0.13112
1	0.6311
1	0.20126
1	0.47373
1	0.24885
1	0.1529
1	0.39511
1	0.47808
1	0.57068
1	0.48424
1	0.50303
1	0.82203
1	-0.10223
1	0.41324
1	0.17587
1	0.55704
1	0.19244
1	0.20063
1	0.34207
1	0.69902
1	0.287
1	0.29535
1	0.4777
1	-0.081093
1	0.58389
1	0.35998
1	0.49984
1	0.55376
1	0.12612
1	0.48924
1	0.48764
1	0.25838
1	0.34378
1	0.1253
1	-0.006946
1	0.17275
1	0.057842
1	0.097859
1	0.091082
1	0.11163
1	0.34876
1	0.16994
1	0.14739
1	0.37304
1	0.24414
1	0.47354
1	0.25968
1	-0.022205
1	0.071327
1	0.097944
1	0.13904
1	0.22025
1	0.1531
1	0.46283
1	0.22854
1	0.13862
1	0.39542
1	0.16686
1	0.10513
1	0.013572
1	0.15277
1	0.035482
1	-0.071515
1	0.18327
1	-0.06114
1	-0.043137
1	-0.0061461
1	0.29706
1	0.090376
1	0.18072
1	0.66286
1	-0.072181
1	0.38285
1	0.19094
1	0.087318
1	0.018153
1	0.20516
1	0.59813
1	0.021647
1	0.44782
1	0.44206
1	-0.068121
1	0.43721
1	0.16581
1	0.036278
1	0.14391
1	0.088755
1	0.23989
1	0.22038
1	0.24533
1	0.052918
1	-0.10721
1	0.43168
1	0.4567
1	0.26054
1	0.21669
1	0.032869
1	0.063965
1	0.055
1	0.50202
1	0.0046096
1	0.034398
1	-0.01494
1	0.31345
1	0.39804
1	0.23318
1	0.26176
1	0.52403
1	0.71919
1	0.36422
1	0.74115
1	0.22586
1	0.15023
1	0.14478
1	0.06657
1	0.23069
1	0.3063
1	0.36639
1	0.30636
1	0.23455
1	0.095619
1	0.32199
1	0.38423
1	-0.064446
1	0.022663
1	0.33315
1	-0.037895
1	0.38279
1	0.096003
1	-0.084174
1	-0.049452
1	0.30696
1	0.035235
1	0.35927
1	-0.015896
1	0.60954
1	0.29055
1	0.15385
1	0.36196
1	0.15178
1	0.48469
1	0.36867
1	0.34854
1	0.34847
1	0.37234
1	0.289
1	0.098726
1	0.27694
1	-0.02995
1	0.44118
1	0.062669
1	0.17993
1	0.43876
1	0.11106
1	-0.020511
1	0.09907
1	0.57124
1	0.51749
1	0.31205
1	0.010302
1	-0.054182
1	0.46963
1	-0.095804
1	0.48039
1	0.50714
1	0.032854
1	0.6035
1	0.22502
1	0.24225
1	0.10122
1	0.20783
1	-0.023992
1	0.29853
1	0.49271
1	0.11849
1	0.19438
1	0.77391
1	0.5553
1	0.57596
1	0.030532
1	0.4454
1	0.15622
1	0.32494
1	0.49175
1	0.64611
1	0.40391
1	0.27755
1	0.41924
1	0.024325
1	0.28584
1	0.81054
1	0.311
1	0.49146
1	0.26697
1	0.73991
1	0.43249
1	0.12082
1	0.32025
1	0.47134
1	0.55723
1	0.40806
1	0.53171
1	0.42108
1	0.24471
1	0.2503
1	0.61104
1	0.51492
1	0.56626
1	0.58289
1	-0.06575
1	0.14844
1	0.58413
1	0.57105
1	0.044348
1	0.10764
1	0.048763
1	0.088883
1	0.059151
1	0.067162
1	0.32372
1	0.17671
1	0.041178
1	0.87665
1	0.44902
1	0.62105
1	0.53219
1	0.31096
1	0.15426
1	0.41788
1	0.59639
1	0.10262
1	0.3651
1	0.21314
1	0.1687
1	0.49517
1	0.14505
1	0.32949
1	0.36279
1	0.33294
1	0.44654
1	0.14326
1	0.332
1	0.36309
1	0.34495
1	0.22548
1	0.049885
1	0.64493
1	0.10043
1	0.17651
1	0.44346
1	0.16063
1	0.065233
1	0.041712
1	0.51464
1	0.33748
1	0.24411
1	0.28718
1	0.19336
1	0.42551
1	0.38714
1	0.21354
1	0.40341
1	0.32834
1	0.10394
1	0.69275
1	0.14429
1	0.24898
1	0.1457
1	0.51749
1	0.33442
1	0.39543
1	0.22069
1	0.12602
1	0.2193
1	0.0068912
1	0.18478
1	-0.047948
1	0.38512
1	0.40241
1	0.37396
1	0.026788
1	0.51677
1	0.3859
1	0.26993
1	0.19147
1	0.12838
1	-0.046246
1	0.32761
1	0.19436
1	0.18544
1	0.24792
1	0.18569
1	0.070228
1	0.20451
1	-0.019638
1	0.074857
1	0.10854
1	0.22357
1	0.29246
1	0.14626
1	0.25037
1	0.090481
1	0.3005
1	0.57178
1	0.19213
1	0.48034
1	0.15168
1	0.14908
1	0.45886
1	0.73154
1	0.48315
1	0.049317
1	0.12865
1	0.053875
1	0.11639
1	0.10847
1	0.16073
1	0.35298
1	0.19016
1	0.30871
1	0.073111
1	0.058714
1	0.20381
1	0.28923
1	0.20923
1	0.033024
1	0.021231
1	0.11312
1	0.28537
1	0.10068
1	0.29267
1	-0.0039117
1	0.14462
1	-0.013698
1	0.076012
1	0.19598
1	0.39899
1	0.0033571
1	0.24408
1	0.16933
1	0.32494
1	0.22427
1	-0.030144
1	-0.021357
1	0.15005
1	0.061945
1	0.056225
1	0.11368
1	0.13644
1	0.050876
1	0.29703
1	0.34678
1	-0.11218
1	0.092004
1	0.18076
1	0.040825
1	-0.081297
1	0.094566
1	-0.083501
1	0.21496
1	0.10016
1	0.23218
1	-0.030711
1	0.056937
1	0.14123
1	-0.062226
1	-0.11112
1	0.16969
1	0.38131
1	0.065235
1	0.080244
1	0.016626
1	0.067872
1	0.15343
1	0.11228
1	0.19482
1	0.10774
1	0.11517
1	0.20951
1	0.38699
1	0.25854
1	0.32583
1	0.055752
1	0.033879
1	0.12493
1	-0.033305
1	-0.0039123
1	0.11721
1	0.1054
1	0.32969
1	0.0030193
1	0.0057279
1	0.020952
1	0.52737
1	0.29
1	0.21392
1	0.21911
1	0.10578
1	0.25391
1	0.14633
1	0.12951
1	0.1127
1	-0.072513
1	0.30423
1	0.22632
1	0.15481
1	0.4156
1	-0.12017
1	0.091647
1	-0.16432
1	0.56322
1	0.11327
1	0.27239
1	0.26224
1	0.39967
1	0.025173
1	0.096034
1	-0.1468
1	-0.029074
1	-0.043606
1	-0.040342
1	0.13368
1	-0.12042
1	0.0019782
1	0.17925
1	0.16137
1	0.35913
1	0.3407
1	0.38045
1	0.41611
1	0.28102
1	0.034943
1	0.077702
1	0.059081
1	0.0060122
1	0.57749
1	0.15751
1	0.19589
1	0.17247
1	0.34109
1	0.057939
1	0.28411
1	0.12485
1	0.30871
1	-0.018965
1	-0.059798
1	-0.035264
1	-0.060139
1	0.23719
1	-0.0016675
1	-0.028026
1	0.053491
1	0.051713
1	-0.038798
1	0.27049
1	0.49651
1	0.28245
1	0.078882
1	0.062525
1	0.010165
1	0.16173
1	0.29208
1	0.14705
1	0.066897
1	0.12125
1	0.25084
1	0.16911
1	-0.010881
1	0.14025
1	-0.0013735
1	-0.073337
1	0.02937
1	0.36586
1	-0.12743
1	0.25043
1	0.11231
1	0.1428
1	0.034995
1	0.1442
1	0.088969
1	0.15966
1	0.0071522
1	0.15519
1	-0.030546
1	0.26999
1	0.0092969
1	0.1808
1	-0.043028
1	0.19898
1	0.089666
1	-0.10886
1	-0.047523
1	0.014692
1	0.24912
1	0.21798
1	0.25427
1	0.17364
1	0.16901
1	0.19134
1	0.2671
1	0.10244
1	0.0010138
1	0.19174
1	0.11745
1	0.28041
1	0.31491
1	0.14107
1	0.11194
1	0.14319
1	0.26211
1	-0.058061
1	0.10541
1	0.047369
1	0.092163
1	0.44861
1	0.094422
1	0.27899
1	0.0098437
1	-0.0097944
1	0.19846
1	0.23971
1	0.068715
1	0.022257
1	0.21298
1	0.10669
1	0.063599
1	0.11553
1	0.19552
1	-0.16405
1	0.13354
1	0.42799
1	0.0498
1	0.12573
1	0.14251
1	0.17066
1	-0.069717
1	-0.021049
1	0.12207
1	2.7646e-18
1	0.029951
1	-0.0021423
1	-0.002522
1	0.055554
1	0.011264
1	-0.10894
1	0.024163
1	0
1	0.25388
1	0.087397
1	0.13901
1	0.07957
1	0.3179
1	0.045568
1	0.24146
1	0.045006
1	0.3552
1	0.32767
1	0.33683
1	0.14135
1	0.025028
1	0.040015
1	0.072904
1	-0.033057
1	0.11507
0	-0.057773
0	-0.13195
0	0.38727
0	-0.09515
0	-0.098283
0	0.30875
0	0.31827
0	0.081553
0	0.026378
0	0.29977
0	-0.0067071
0	-0.053976
0	0.0054574
0	-0.0019737
0	0.11376
0	-0.003856
0	-0.020712
0	0.17722
0	-0.1655
0	-0.01412
0	0.2195
0	-0.10041
0	0.015937
0	0.24464
0	0.29041
0	0.051403
0	-0.0093722
0	-0.040537
0	-0.004001
0	-0.016143
0	-0.10329
0	0.0037142
0	-0.03909
0	-0.0064817
0	0.0081621
0	0.10416
0	-0.073192
0	0.041392
0	0.12124
0	0.13327
0	-0.024721
0	-0.0039771
0	0.16768
0	0.084078
0	0.39086
0	0.098094
0	-0.071145
0	0.14315
0	0.387
0	-0.07373
0	0.24016
0	0.13738
0	-0.18269
0	0.04343
0	-0.035077
0	0.26947
0	0.082282
0	0.077842
0	0.0021765
0	0.058403
0	-0.051869
0	-0.039043
0	-0.01679
0	0.20898
0	-0.014733
0	-0.021408
0	-0.12619
0	-0.27127
0	0.20545
0	0.45285
0	0.012845
0	0.11847
0	0.032115
0	0.22323
0	-0.1536
0	0.019416
0	-0.0052104
0	0.042909
0	-0.13939
0	-0.0058351
0	0.13932
0	-0.081917
0	-0.047931
0	0.1308
0	-0.063111
0	0.17366
0	-0.0055745
0	-0.21137
0	0.073179
0	-0.0014499
0	0.052125
0	-0.029278
0	0.17623
0	-0.095789
0	0.026736
0	0.068206
0	-0.039822
0	0.066488
0	-0.14705
0	0.1366
0	0.18139
0	0.0569
0	0.059743
0	-0.070082
0	0.060807
0	0.0176
0	-0.016443
0	0.13265
0	0.31746
0	-0.12586
0	0.066614
0	0.027356
0	-0.073484
0	-0.059594
0	0.31146
0	-0.00088627
0	-0.10614
0	0.032153
0	-0.062156
0	0.088993
0	0.1374
0	0.066112
0	-0.012102
0	0.10728
0	-0.0017681
0	0.013266
0	-0.0060548
0	0.33664
0	-0.085668
0	-0.0022954
0	-0.13789
0	0.036074
0	0.22157
0	0.10026
0	0.14309
0	0.058196
0	-0.0098693
0	-0.0017212
0	0.13099
0	0.08438
0	-0.072528
0	0.063548
0	0.0034207
0	0.25086
0	0.047975
0	-0.053078
0	-0.012946
0	0.20806
0	0.052989
0	-0.02011
0	0.090256
0	-0.027417
0	0.098257
0	0.1093
0	0.040748
0	-0.16387
0	0.13957
0	0.022139
0	-0.015733
0	-0.11888
0	0.029094
0	-0.0021652
0	-0.13177
0	0.21865
0	-0.0033835
0	-0.033654
0	-0.026286
0	0.010685
0	0.11036
0	-0.042954
0	0.3466
0	0.02783
0	0.19011
0	-0.13478
0	0.015223
0	0.34144
0	-0.044313
0	0.14237
0	0.31416
0	-0.060976
0	0.21285
0	0.05184
0	0.15469
0	-0.0091274
0	0.057279
0	0.023189
0	-0.08323
0	0.20811
0	0.060138
0	0.20379
0	0.088058
0	-0.012389
0	0.1675
0	0.41609
0	0.13015
0	-0.058942
0	-0.15958
0	0.0036654
0	0.011081
0	-0.010549
0	0.077819
0	0.17211
0	0.084243
0	0.084811
0	-0.13114
0	-0.071391
0	0.18626
0	0.224
0	-0.01895
0	0.38359
0	0.090269
0	-0.079465
0	-0.093672
0	-0.06626
0	0.0044698
0	0.016672
0	0.37938
0	0.054854
0	-0.18458
0	0.04525
0	-0.049035
0	0.085137
0	0.054064
0	-0.10304
0	0.16577
0	0.14629
0	0.31377
0	0.012409
0	0.10157
0	0.22214
0	-0.0068434
0	0.058263
0	-0.028252
0	0.10351
0	-0.043437
0	0.086547
0	-0.24434
0	0.16457
0	0.0091452
0	0.076805
0	0.017396
0	0.1832
0	-0.060387
0	-0.061878
0	0.017396
0	0.18894
0	-0.043729
0	0.17404
0	0.060547
0	-0.13562
0	0.15083
0	0.017927
0	-0.028716
0	0.39709
0	0.060676
0	-0.050379
0	-0.005714
0	0.098621
0	0.36723
0	0.037672
0	0.25141
0	0.10359
0	-0.043185
0	-0.078061
0	-0.044818
0	0.04547
0	0.14137
0	0.068072
0	0.25574
0	0.12913
0	-0.20229
0	0.1851
0	-0.060269
0	0.11267
0	0.20311
0	0.075244
0	0.080993
0	0.020362
0	0.010989
0	0.041345
0	-0.012953
0	-6.8617e-18
0	0.23156
0	-0.061589
0	-0.13273
0	0.028708
0	-0.060691
0	0.23143
0	0.14046
0	0.17009
0	0.13088
0	0.91216
0	0.58171
0	0.10908
0	0.07468
0	0.15082
0	-0.031628
0	0.020326
0	0.13039
0	0.21066
0	0.027476
0	0.13791
0	0.11729
0	-0.1207
0	0.069102
0	-0.13568
0	0.02493
0	0.045531
0	0.0079231
0	0.10056
0	0.11866
0	0.12149
0	-0.11054
0	0.19254
0	0.19042
0	-0.060916
0	-0.097356
0	-0.0022381
0	0.061431
0	-0.10747
0	0.037779
0	0.015804
0	0.0037655
0	0.29129
0	-0.084783
0	-0.033795
0	0.12453
0	0.34925
0	0.03032
0	-0.12098
0	-0.0080329
0	-0.061976
0	0.27462
0	0.14322
0	0.059086
0	0.022645
0	0.027002
0	0.068472
0	0.11638
0	0.0023853
0	0.3069
0	0.032924
0	0.12494
0	0.082019
0	0.03788
0	0.21571
0	0.060852
0	0.27354
0	0.062027
0	0.07216
0	-0.016556
0	-0.0054086
0	0.014366
0	0.27439
0	-0.079619
0	-0.078993
0	-0.0036432
0	0.13836
0	-0.057072
0	-0.045448
0	-0.065276
0	-0.074061
0	-0.04202
0	0.069933
0	-0.047843
0	0.053483
0	0.22067
0	-0.053617
0	0.010957
0	0.049957
0	-0.062714
0	0.028771
0	-0.098895
0	-0.027973
0	-0.33559
0	-0.0053473
0	0.26563
0	-0.024634
0	0.076598
0	0.014445
0	0.65101
0	0.15998
0	-0.067338
0	-0.10524
0	0.13457
0	-0.094826
0	-0.047842
0	0.079547
0	0.10193
0	-0.13956
0	0.13993
0	-0.095696
0	0.029675
0	0.10541
0	0.049005
0	0.033617
0	0.011595
0	0.0058078
0	0.0090753
0	0.14195
0	0.2295
0	-0.10264
0	-0.025395
0	0.10412
0	0.36734
0	-0.0059894
0	0.18033
0	0.10743
0	0.3216
0	0.20039
0	-0.097056
0	0.13864
0	-0.0038505
0	-0.038179
0	0.19211
0	0.31697
0	0.10887
0	0.021219
0	-0.090609
0	0.15522
0	0.32929
0	0.093826
0	-0.0031512
0	0.17682
0	-0.059775
0	0.12099
0	0.0051279
0	0.14206
0	-0.023775
0	0.14065
0	0.025585
0	-0.073789
0	0.063576
0	-0.087617
0	0.16664
0	0.13021
0	0.27538
0	0.11709
0	0.011064
0	0.0052445
0	-0.026614
0	-0.06899
0	0.063076
0	0.012792
0	0.16308
0	-0.015707
0	0.037946
0	0.0077409
0	0.15116
0	0.15229
0	0.0079689
0	-0.042322
0	0.036067
0	0.081194
0	-0.19638
0	0.01658
0	-0.064694
0	0.10374
0	0.060697
0	0.087867
0	0.27565
0	-0.043521
0	0.15309
0	-0.12809
0	0.074831
0	0.045259
0	0.23278
0	0.0058904
0	0.015298
0	-0.10166
0	-0.018012
0	0.055508
0	-0.36374
0	-0.017209
0	0.23052
0	0.053222
0	-0.019372
0	0.22331
0	0.02005
0	-0.060072
0	-0.00053574
0	0.242
0	0.013477
0	0.065754
0	-0.087692
0	-0.27209
0	0.089138
0	0.0033498
0	-0.071736
0	-0.087553
0	0.083707
0	0.19249
0	0.091969
0	0.29099
0	0.0074084
0	0.42281
0	0.18689
0	0.0086584
0	0.04375
0	0.032304
0	0.15412
0	0.31134
0	0.10765
0	0.18992
0	-0.11257
0	0.048813
0	-0.026767
0	0.23827
0	-0.10305
0	0.029348
0	0.025848
0	0.11042
0	-0.14726
0	0.057688
0	0.050279
0	-0.098274
0	0.30904
0	-0.050998
0	0.1055
0	0.26067
0	0.13124
0	-0.0047882
0	0.063071
0	0.044101
0	0.04075
0	-0.046063
0	0.056069
0	0.091298
0	-0.090636
0	0.035444
0	0.23771
0	-0.045235
0	0.094445
0	0.066081
0	0.069632
0	-0.012036
0	-0.18262
0	0.23164
0	0.039742
0	-0.01512
0	0.00037812
0	0.050825
0	0.14615
0	0.0084673
0	-0.077259
0	3.5601e-18
0	0.070754
0	0.014133
0	-0.0087897
0	0.12181
0	0.26059
0	0.19645
0	1.0373e-18
0	-0.096558
0	-0.043172
0	0.17007
0	0.1182
0	-0.036831
0	0.14175
0	-0.07306
0	-0.059209
0	0.0043735
0	0.11932
0	0.22502
0	0.3961
0	-0.039326
0	0.11418
0	-0.0054154
0	-0.076067
0	0.016691
0	0.054703
0	-0.25124
0	-0.053625
0	0.041952
0	0.058098
0	0.17748
0	0.3979
0	-0.058336
0	0.00028609
0	-0.022061
0	-0.075593
0	-0.021915
0	-0.032776
0	-0.004101
0	-0.0067006
0	0.16292
0	0.20041
0	0.079222
0	0.079204
0	0.007874
0	0.14948
0	-0.10765
0	0.36429
0	0.0048562
0	0.0088288
0	-0.034073
0	0.075532
0	0.62631
0	-0.0075209
0	-0.14369
0	0.0014746
0	-0.031082
0	0.26024
0	0.038011
0	-0.10241
0	-0.074699
0	0.1822
0	0.055486
0	-0.1165
0	0.19484
0	0.084352
0	0.049165
0	0.095207
0	-0.043369
0	0.10257
0	-0.02223
0	0.13716
0	0.063821
0	-0.063104
0	0.029449
0	0.20959
0	0.043983
0	-0.11351
0	0.057292
0	0.096228
0	0.038975
0	0.23965
0	-0.11274
0	0.13549
0	0.18455
0	0.10234
0	0.0054825
0	0.097953
0	0.048245
0	-0.013325
0	0.12027
0	-0.04906
0	0.18651
0	-0.087644
0	0.017908
0	0.14689
0	0.24355
0	-0.014643
0	-0.0048896
0	0.096752
0	0.19039
0	0.4252
0	0.087118
0	0.37933
0	0.26565
0	-0.24972
0	0.088847
0	-0.038667
0	0.040068
0	0.063461
0	-0.08706
0	0.015755
0	-0.0038826
0	0.32016
0	-0.073434
0	0.15813
0	0.025325
0	0.35887
0	0.012336
0	-0.056929
0	-0.081603
0	0.054646
0	0.18488
0	-0.017245
0	-0.19269
0	0.032128
0	-0.090525
0	0.017727
0	-0.013315
0	0.0095698
0	0.12346
0	0.015696
0	0.34175
0	-0.013506
0	0.20297
0	0.11278
0	0.024541
0	-0.2026
0	0.026738
0	-0.12594
0	0.33753
0	0.0078771
0	0.017558
0	0.011539
0	0.23803
0	-0.014985
0	-0.13474
0	-0.050692
0	0.17692
0	0.09784
0	0.1475
0	0.077798
0	-0.053431
0	-0.02118
0	0.074339
0	0.02537
0	0.074596
0	0.061955
0	0.015804
0	0.035757
0	-0.010274
0	-0.037426
0	0.048401
0	-0.14497
0	0.21864
0	0.13166
0	-0.010522
0	0.082254
0	0.015618
0	-0.032661
0	0.33652
0	0.018127
0	-0.032962
0	0.099199
0	0.20631
0	-0.16402
0	0.10565
0	0.18263
0	-0.023739
0	0.040305
0	-0.11319
0	-0.033256
0	0.084715
0	0.42494
0	0.07028
0	0.084057
0	0.074913
0	0.36529
0	0.064691
0	0.21428
0	0.25932
0	0.037194
0	-0.074756
0	-0.064552
0	-0.041743
0	0.060989
0	0.012391
0	0.11993
0	0.022391
0	0.086308
0	-0.0010724
0	0.29157
0	0.25319
0	-0.10088
0	-0.0038996
0	0.07344
0	0.049847
0	5.0989e-18
0	-0.10395
0	0.0095713
0	0.13199
0	0.034913
0	-0.0011472
0	-0.066543
0	0.08708
0	0.089443
0	0.11544
0	0.019186
0	-0.19578
0	0.2198
0	0.016779
0	0.13296
0	0.11202
0	-0.029843
0	0.1381
0	0.20088
0	0.071183
0	0.41791
0	-0.031267
0	0.059668
0	0.078833
0	0.051621
0	0.031468
0	0.0075142
0	0.10401
0	-0.003683
0	0.084006
0	0.34824
0	0.092894
0	0.041525
0	-0.00037434
0	0.024066
0	-0.040601
0	-0.016338
0	0.01207
0	-0.044014
0	-0.14678
0	0.0056952
0	0.084243
0	-0.022735
0	-0.052281
0	0.23884
0	0.036573
0	0.034283
0	0.05888
0	0.11737
0	0.0089784
0	-0.11513
0	0.34635
0	0.29305
0	-0.045348
0	0.014873
0	-0.076197
0	-0.02092
0	-0.010786
0	-0.015858
0	0.22338
0	0.093261
0	0.18661
0	0.26699
0	0.25974
0	0.16839
0	0.27479
0	-0.10407
0	0.3201
0	0.10857
0	-0.0099057
0	0.021207
0	-0.1016
0	0.043684
0	0.12841
0	0.023464
0	0.38512
0	-0.065851
0	0.1472
0	-0.21057
0	0.0085059
0	0.013209
0	0.17736
0	-0.19629
0	0.15344
0	0.11385
0	-0.25062
0	-0.075308
0	0.10493
0	0.29378
0	0.029674
0	0.27412
0	-0.0018089
0	0.33329
0	0.074399
0	-0.063767
0	0.0043971
0	0.16541
0	-0.13122
0	0.30639
0	0.2216
0	0.071485
0	0.3732
0	-0.04758
0	0.15481
0	0.10943
0	0.088388
0	-0.087576
0	0.22243
0	-0.060035
0	0.40947
0	0.039974
0	0.19654
0	0.16641
0	0.13724
0	-0.013712
0	-0.02772
0	-0.13327
0	0.15783
0	0.10019
0	0.053392
0	0.021957
0	-0.019044
0	0.15814
0	0.20628
0	0.010978
0	0.18978
0	0.082849
0	0.092576
0	0.040049
0	0.18487
0	-0.0088873
0	-0.070293
0	0.12881
0	-0.043963
0	-7.6538e-19
0	-0.021907
0	0.29485
0	-0.038653
0	-0.013557
0	0.17847
0	-0.23092
0	0.22976
0	0.087388
0	0.029372
0	0.31937
0	-0.17348
0	0.054722
0	0.16737
0	0.0084709
0	0.093988
0	0.18832
0	-0.045392
0	0.038168
0	0.17091
0	0.22183
0	0.069659
0	0.18191
0	0.11859
0	0.0065476
0	0.30946
0	0.0074748
0	0.15313
0	-0.0015759
0	-0.067565
0	0.54951
0	-0.051883
0	0.025009
0	0.068737
0	-0.08051
0	-0.13468
0	-0.04962
0	0.050059
0	0.0028434
0	0.030992
0	-0.0547
0	-0.025475
0	0.067006
0	-0.10809
0	-0.14326
0	0.10599
0	0.12879
0	-0.062588
0	0.052909
0	0.061101
0	0.14953
0	-0.045723
0	-8.7943e-05
0	-0.087156
0	-0.037492
0	0.067175
0	0.19671
0	-0.018138
0	0.14746
0	0.13352
0	0.0026318
0	0.051318
0	-0.068721
0	0.037524
0	-0.084446
0	0.099001
0	0.062954
0	-0.12891
0	-0.019898
0	0.16785
0	-0.042606
0	0.20055
0	-0.2274
0	0.092444
0	-0.035027
0	0.054625
0	0.063271
0	-0.021564
0	0.051477
0	-0.069275
0	0.17989
0	0.17358
0	0.11265
0	-0.002084
0	-0.03313
0	-0.10534
0	0.01991
0	-0.030601
0	0.33593
0	0.060383
0	0.073215
0	0.11637
0	0.18803
0	-0.014142
0	0.20302
0	-0.042118
0	0.016922
0	0.018478
0	0.025596
0	-0.0062097
0	0.025638
0	-0.072484
0	0.13726
0	-0.087788
0	-0.19683
0	-0.12691
0	0.35524
0	0.033349
0	-0.037838
0	0.031797
0	0.044714
0	0.00029667
0	-0.14171
0	-0.020347
0	-0.018252
0	-0.062799
0	0.26681
0	0.21691
0	0.18034
0	0.19552
0	0.065143
0	0.055811
0	-0.0030727
0	0.088908
0	0.020279
0	-0.052818
0	0.12087
0	-0.056421
0	0.043286
0	0.14416
0	0.16341
0	0.0016376
0	0.16933
0	5.3549e-18
0	-0.049709
0	-0.11426
0	-0.025336
0	0.0094033
0	-0.016787
0	0.046651
0	0.2755
0	0.3044
0	0.025296
0	0.037128
0	0.10671
0	0.11065
0	0.087767
0	0.077584
0	-0.028932
0	0.094397
0	-0.067215
0	-0.008143
0	-0.05897
0	-0.013506
0	0.028968
0	0.0038796
0	0.03811
0	-0.0045418
0	-0.057222
0	0.06901
0	-0.11068
0	0.0018676
0	-0.13828
0	0.1139
0	-0.11412
0	0.088206
0	0.10968
0	-0.048031
0	0.026483
0	-0.05229
0	0.12937
0	0.040061
0	0.12484
0	-0.059375
0	-0.0061378
0	0.51032
0	-0.14419
0	0.31549
0	-0.12171
0	-0.12764
0	-0.097732
0	0.026927
0	0.20883
0	0.22704
0	0.10696
0	-0.0070582
0	-0.13808
0	0.037091
0	-0.078555
0	0.081954
0	0.0087663
0	0.01173
0	-0.048072
0	-0.11011
0	4.5476e-18
0	0.058557
0	0.0093286
0	0.097417
0	-0.1354
0	-0.064911
0	-0.065942
0	-0.047969
0	-0.060554
0	-0.0045535
0	-0.014692
0	0.051567
0	-0.013061
0	0.0072782
0	-0.18445
0	0.13501
0	-0.088555
0	0.0073075
0	0.139
0	0.019738
0	0.36171
0	-0.058586
0	-0.082528
0	0.0018993
0	-0.206
0	-0.011977
0	0.092614
0	0.036574
0	0.050962
0	0.025613
0	0.4955
0	-0.040583
0	-0.081419
0	-0.0044434
0	0.060323
0	0.040038
0	0.022373
0	0.1454
0	0.046279
0	0.16886
0	0.047406
0	0.12526
0	0.15571
0	0.15132
0	-0.074249
0	-0.038975
0	0.10506
0	0.030604
0	0.063927
0	0.15267
0	0.027232
0	0.046388
0	0.013204
0	-0.080035
0	0.31074
0	-0.095095
0	0.10416
0	-0.090355
0	-0.082016
0	0.0487
0	-0.0004358
0	0.0083105
0	0.043544
0	0.333
0	0.038681
0	-0.063786
0	0.045109
0	0.090987
0	0.32622
0	0.10512
0	0.1303
0	-0.19468
0	0.04695
0	-0.044503
0	0.014482
0	0.12441
0	0.090169
0	0.20701
0	0.12239
0	-0.030856
0	0.091794
0	0.095309
0	0.04638
0	-0.013278
0	0.064793
0	0.034924
0	0.19636
0	0.16701
0	0.1595
0	0.22481
0	-0.01325
0	0.046238
0	-0.03569
0	0.34245
0	-0.05892
0	0.023575
0	0.15189
0	-0.049738
0	0.056409
0	-0.043275
0	0.014731
0	0.070437
0	-0.0020142
0	-0.009828
0	0.29557
0	0.11897
0	0.01137
0	0.49473
0	-0.024757
0	0.32868
0	0.12709
0	0.62805
0	-0.071767
0	0.11919
0	-0.030424
0	0.033705
0	0.015412
0	0.018911
0	-0.18072
0	0.1823
0	0.32117
0	0.0021126
0	0.036562
0	0.050692
0	0.013072
0	-0.027304
0	-0.036247
0	0.10754
0	-0.049089
0	0.0020808
0	0.14364
0	-0.050496
0	0.020651
0	0
0	0.16685
0	0.013369
0	-0.16435
0	0.021344
0	0.14712
0	0.011288
0	-0.031411
0	-0.049162
0	-0.019428
0	0.15682
0	0.03673
0	0.22969
0	-0.093134
0	-0.0096951
0	0.27963
0	0.10181
0	-0.066679
0	0.21257
0	0.060779
0	0.074215
0	-0.18528
0	0.096118
0	0.0377
0	-0.15595
0	-0.14233
0	0.19788
0	0.046962
0	-0.17293
0	0.044145
0	0.011025
0	-0.056797
0	-0.023345
0	-0.021478
0	-0.078586
0	0.32881
0	0.21987
0	-0.05954
0	0.29674
0	-0.012924
0	0.0095222
0	-0.047605
0	-0.050744
0	-0.037958
0	0.037855
0	-0.19067
0	0.010154
0	0.14789
0	-0.03646
0	0.19801
0	0.15699
0	0.25945
0	0.24477
0	0.18757
0	0.016055
0	-0.043843
0	0.017175
0	0.087069
0	-0.12089
0	0.23457
0	0.041148
0	-0.12672
0	-0.04874
0	0.042151
0	-0.097014
0	0.23454
0	0.16628
0	-0.051283
0	0.050348
0	0.14672
0	0.099408
0	0.19248
0	0.043789
0	0.085649
0	0.21317
0	-0.01494
0	0.14123
0	0.010205
0	-0.035683
0	-0.012133
0	0.33793
0	0.086482
0	0.070771
0	0.14201
0	0.074003
0	0
0	0.062431
0	-0.035385
0	0.034527
0	0.010952
0	-0.031583
0	-0.072099
0	0.0037353
0	0.036536
0	-0.18804
0	0.084302
0	-0.0098619
0	0.13681
0	0.078855
0	0.20105
0	0.010301
0	0.090137
0	0.25679
0	-0.13883
0	0.25124
0	0.05034
0	0.023272
0	0.40721
0	0.21891
0	-0.14344
0	-0.10858
0	0.084509
0	0.30826
0	0.10112
0	0.11594
0	0.070174
0	0.12041
0	0.41615
0	-0.084699
0	0.065595
0	-0.13158
0	0.035489
0	-0.049992
0	0.23158
0	-0.1793
0	0.044019
0	0.18943
0	0.28313
0	0.048422
0	-0.086361
0	-0.041248
0	-0.080977
0	0.48949
0	0.16356
0	0.11288
0	0.15889
0	-0.065644
0	0.011978
0	-0.036698
0	-0.022033
0	-0.068095
0	-0.079845
0	0.10965
0	-0.12994
0	0.20531
0	0.3462
0	-0.26134
0	2.7903e-18
0	0.10334
0	0.29949
0	-0.037168
0	0.013781
0	-0.013096
0	-0.030879
0	-0.16434
0	0.093418
0	0.11208
0	0.024716
0	0.27621
0	-0.16817
0	0.21258
0	0.022856
0	-0.02561
0	0.2503
0	0.12001
0	0.15273
0	0.047484
0	0.16559
0	-0.1357
0	0.097686
0	0.18191
0	0.037137
0	-0.030279
0	0.18526
0	0.053197
0	0.19204
0	0.12383
0	-0.0060136
0	0.039429
0	-0.015436
0	0.13896
0	-0.042695
0	-0.055696
0	-1.4858e-18
0	-0.20894
0	-0.084973
0	0.0058209
0	0.044054
0	0.36756
0	-0.038893
0	-0.16909
0	0.014157
0	0.12048
0	0.19829
0	0.065948
0	-0.014905
0	-0.086945
0	0.18569
0	-0.059659
0	0.16393
0	-0.038387
0	-0.026597
0	-0.0024175
0	-0.054772
0	0.23686
0	0.032617
0	0.1322
0	-0.1239
0	-0.092067
0	-0.019834
0	-0.049929
0	-0.14641
0	0.1676
0	0.020324
0	0.16021
0	0.094712
0	0.0043781
0	-0.0012372
0	-0.16819
0	-0.039662
0	0.084157
0	0.21396
0	-0.053624
0	0.068874
0	0.0013766
0	0.065692
0	0.081732
0	0.069372
0	-0.0052686
0	0.062485
0	0.46107
0	-0.029775
0	0.13061
0	-0.083877
0	0.00046345
0	0.10019
0	0.11167
0	0.026276
0	-0.15055
0	-0.075406
0	0.27911
0	0.010946
0	-0.12815
0	0.024675
0	0.26656
0	0.20969
0	-0.015165
0	-0.12892
0	0.068605
0	0.069792
0	0.24303
0	0.24334
0	0.049928
0	-0.023469
0	0.077378
0	-0.070505
0	0.11636
0	0.035328
0	-0.42286
0	-0.12509
0	0.081895
0	-0.29598
0	0.00025629
0	-0.038688
0	-0.12404
0	0.017956
0	0.032979
0	0.14555
0	0.015571
0	0.22917
0	0.082339
0	0.17584
0	0.01195
0	0.026713
0	-0.046991
0	-0.049851
0	0.024293
0	0.13482
0	0.06085
0	0.10317
0	-0.13496
0	0.088097
0	-0.033014
0	-0.22893
0	0.0084799
0	0.047664
0	0.10045
0	0.0082233
0	-0.042665
0	-0.005452
0	-0.10864
0	0.076221
0	0.080126
0	0.055786
0	0.028307
0	-0.02992
0	-0.0069771
0	0.21613
0	0.09625
0	0.11315
0	0.0064755
0	0.20174
0	0.32441
0	-0.086605
0	0.076505
0	-0.052196
0	-0.012608
0	-0.11212
0	0.0034204
0	0.55407
0	0.11663
0	0.19632
0	0.057578
0	0.12589
0	0.22776
0	0.40182
0	0.039927
0	-0.10651
0	-0.090255
0	-0.14309
0	-0.00071309
0	0.036755
0	0.23268
0	0.063418
0	0.042674
0	0.11455
0	0.048928
0	0.0069376
0	-0.024374
0	-0.023405
0	-0.023442
0	-0.065953
0	0.084125
0	-0.04912
0	0.17314
0	0.23326
0	0.10197
0	0.20174
0	0.099495
0	0.083544
0	-0.014422
0	0.16505
0	0.029397
0	-0.066002
0	0.040286
0	0.033253
0	-0.15302
0	0.23755
0	-0.13703
0	0.10011
0	0.10332
0	-0.074592
0	-0.056634
0	0.050105
0	-0.020883
0	0.12143
0	-0.091133
0	-0.079025
0	0.1365
0	-0.086264
0	-0.011096
0	0.040169
0	0.078117
0	0.3909
0	-0.019836
0	0.011812
0	0.0021634
0	-0.10173
0	0.00089628
0	0.095017
0	-0.27332
0	-0.079261
0	0.20477
0	0.019629
0	0.033539
0	0.12341
0	-0.014419
0	-0.047676
0	0.033575
0	0.050271
0	0.033224
0	0.19853
0	0.076958
0	0.039174
0	0.026962
0	-0.073531
0	-0.0038306
0	0.10307
0	0.0032471
0	0.25004
0	0.29606
0	0.19659
0	-0.010796
0	-0.088477
0	0.01243
0	0.20273
0	-0.077205
0	-0.055264
0	0.15191
0	0.019104
0	-0.045367
0	0.12153
0	0.046777
0	0.083208
0	-0.024677
0	0.04234
0	0.10046
0	0.018221
0	-0.094239
0	0.010619
0	-0.032704
0	0.10647
0	-0.010219
0	0.019445
0	0.071987
0	-0.21942
0	0.084886
0	-0.099176
0	-0.32456
0	0.52322
0	-0.026909
0	0.048282
0	0.15933
0	-0.0073407
0	0.53647
0	0.43741
0	-0.03163
0	0.0036594
0	-0.032646
0	0.030461
0	-0.10451
0	0.064302
0	-0.027839
0	0.0025291
0	-0.26247
0	-0.005399
0	0.027056
0	0.023337
0	0.27659
0	0.021358
0	0.13258
0	-0.15611
0	-0.080529
0	0.12371
0	0.078687
0	0.074456
0	0.13842
0	0.1154
0	0.038211
0	0.2531
0	-0.058015
0	0.076595
0	0.14089
0	-0.070488
0	0.1815
0	-0.034635
0	0.21795
0	0.027675
0	-0.020761
0	0.12828
0	0.01444
0	0.065347
0	-0.027589
0	-0.0044638
0	-0.02823
0	-0.055444
0	-0.11036
0	0.067755
0	0.071894
0	0.26075
0	-0.01858
0	-0.0086307
0	0.082437
0	0.018971
0	0.053154
0	0.47756
0	-0.010037
0	0.035889
0	-0.026967
0	-0.097924
0	0.3074
0	-0.0734
0	-0.043738
0	-3.8947e-19
0	-0.0047301
0	-0.041667
0	0.12067
0	-0.17972
0	0.053648
0	-0.024341
0	-0.020564
0	0.12259
0	-0.0095287
0	0.056432
0	0.01207
0	0.075617
0	0.019719
0	-0.020574
0	-0.05916
0	0.098217
0	0.16502
0	0.058032
0	0.025243
0	0.029749
0	0.0070728
0	-0.042814
0	-0.021139
0	0.36767
0	0.03244
0	-0.042449
0	-0.021374
0	0.14973
0	-0.037623
0	0.076705
0	0.12862
0	0.071138
0	-0.097927
0	0.040104
0	-0.096429
0	0.033043
0	0.11998
0	0.25244
0	0.086461
0	-0.038976
0	0.059041
0	-0.070071
0	0.0069629
0	0.21398
0	0.022176
0	-0.024679
0	0.033361
0	0.0037392
0	0.1593
0	0.01156
0	0.064272
0	0.064401
0	0.033118
0	0.066504
0	0.15341
0	-0.030905
0	-0.0894
0	0.022051
0	-0.047642
0	0.15818
0	0.086731
0	0.65933
0	-0.1798
0	0.0071894
0	0.12169
0	-0.042945
0	-0.17488
0	0.08929
0	-0.069859
0	0.0058546
0	0.17681
0	0.513
0	0.14083
0	-0.03173
0	-0.033625
0	-0.13635
0	0.064271
0	0.01001
0	-0.09136
0	0.0075332
0	0.11399
0	-0.023214
0	-0.1474
0	-0.0639
0	-0.11407
0	0.030218
0	-0.24459
0	-0.0054473
0	-0.088927
0	2.6542e-18
0	-0.015929
0	-0.047192
0	0.46015
0	0.20652
0	-0.1052
0	0.51738
0	-0.1185
0	-0.035849
0	-4.3034e-19
0	-0.10087
0	-0.043977
0	-0.00049855
0	0.38666
0	-0.16264
0	0.38767
0	-0.062503
0	-0.18453
0	0.020525
0	-0.00050637
0	0.04973
0	-0.074163
0	0.19852
0	0.013864
0	-0.012908
0	0.091617
0	-0.074869
0	0.41434
0	0.10122
0	-0.17659
0	0.046764
0	0.00013472
0	0.35235
0	0.039504
0	0.12383
0	-0.11499
0	0.43136
0	-0.066426
0	-0.12847
0	0.104
0	0.23579
0	-0.027148
0	0.054281
0	-0.0058729
0	-0.019622
0	0.1657
0	-0.089305
0	0.060678
0	0.011841
0	0.038401
0	0.077296
0	-0.005151
0	0.21935
0	0.050515
0	0.06609
0	-0.026817
