1	0.086305
1	0.61927
1	0.65665
1	0.40918
1	0.091532
1	0.24589
1	0.60796
1	0.31377
1	0.3878
1	0.26047
1	0.78836
1	0.37008
1	0.15348
1	-0.022661
1	0.064663
1	0.6816
1	0.48203
1	0.31933
1	0.36301
1	-0.050754
1	0.14087
1	0.017379
1	0.18827
1	0.40684
1	0.039177
1	0.21418
1	0.33603
1	0.44814
1	0.13197
1	0.23074
1	0.46969
1	0.35974
1	0.26086
1	0.13643
1	0.15604
1	0.19986
1	0.26337
1	0.21208
1	0.15578
1	0.21044
1	-0.11525
1	0.38668
1	0.13472
1	0.45585
1	0.46037
1	0.36416
1	0.53098
1	0.21806
1	0.51485
1	0.30678
1	0.10312
1	0.65546
1	0.037868
1	0.43474
1	0.011648
1	0.37606
1	0.16803
1	-0.010974
1	0.26919
1	0.40457
1	0.30794
1	0.23547
1	0.2547
1	0.25371
1	0.25822
1	0.78409
1	0.72317
1	0.75696
1	0.29545
1	0.43717
1	0.46512
1	0.77248
1	0.29817
1	0.56284
1	0.27684
1	0.030728
1	-0.18697
1	0.15284
1	0.22671
1	0.12779
1	0.33931
1	0.054859
1	0.0086957
1	0.56123
1	0.21627
1	0.56483
1	-0.023162
1	0.32636
1	0.21694
1	0.28207
1	0.43154
1	0.48677
1	0.34708
1	0.54305
1	0.34301
1	0.26507
1	0.57023
1	0.38062
1	-0.17126
1	0.064587
1	0.024363
1	0.47095
1	0.047353
1	0.066315
1	0.12738
1	0.1396
1	0.47248
1	0.69365
1	0.60355
1	0.21483
1	0.26683
1	0.52204
1	0.27173
1	0.56187
1	0.13104
1	0.47584
1	0.57146
1	-0.0021608
1	0.22843
1	0.60434
1	-0.018272
1	0.54225
1	0.19149
1	0.33116
1	0.39193
1	0.55331
1	0.27347
1	0.092314
1	0.075616
1	0.04562
1	0.51495
1	0.16357
1	0.24609
1	0.59538
1	0.2555
1	0.73877
1	0.39202
1	0.34602
1	0.31282
1	0.3184
1	0.16789
1	0.66431
1	0.23408
1	0.5986
1	0.29539
1	-0.10324
1	0.071025
1	0.57667
1	0.18529
1	0.33114
1	0.16751
1	0.14984
1	0.29733
1	0.27286
1	0.52783
1	0.43473
1	0.23234
1	0.43693
1	0.37335
1	0.25069
1	0.55217
1	0.14045
1	0.23243
1	0.44793
1	0.44666
1	0.010601
1	0.057744
1	-0.020034
1	0.15744
1	-0.062204
1	0.67764
1	0.48761
1	0.20196
1	0.45152
1	0.43512
1	0.18967
1	0.40987
1	0.37384
1	0.55542
1	0.4876
1	0.15792
1	0.49707
1	0.5836
1	0.57965
1	0.29574
1	0.33703
1	0.23899
1	-0.040428
1	-0.062941
1	0.17943
1	0.53377
1	0.25152
1	0.25427
1	0.33433
1	0.67392
1	0.33209
1	0.19529
1	0.18989
1	0.015188
1	0.18217
1	0.50439
1	0.29272
1	0.63633
1	0.15736
1	0.65041
1	0.31983
1	0.43166
1	0.46035
1	0.66789
1	0.12539
1	0.12765
1	0.24509
1	0.41046
1	0.057315
1	0.70377
1	0.30051
1	0.50547
1	0.42517
1	0.52809
1	0.46614
1	0.43766
1	0.062613
1	0.012021
1	0.37309
1	0.37201
1	0.58517
1	0.33986
1	0.56503
1	0.5007
1	0.65117
1	0.51906
1	-0.14614
1	0.61813
1	0.42198
1	0.71631
1	0.29186
1	0.5975
1	0.33482
1	0.69401
1	0.22788
1	0.81933
1	0.30673
1	0.31413
1	0.43682
1	0.30552
1	0.17465
1	0.58398
1	0.025278
1	0.1125
1	0.63873
1	0.3917
1	0.9062
1	0.59106
1	0.27595
1	0.33784
1	0.55706
1	0.084029
1	0.5789
1	0.28555
1	0.17591
1	0.41054
1	0.27261
1	0.22532
1	0.26357
1	0.38846
1	0.28739
1	0.29509
1	-0.032242
1	0.28136
1	0.16495
1	0.25875
1	0.22582
1	0.31303
1	0.11723
1	0.33492
1	0.30432
1	0.54645
1	0.438
1	0.4461
1	0.27931
1	0.28787
1	0.45254
1	0.41796
1	0.73169
1	0.8787
1	0.7171
1	0.24674
1	0.51203
1	0.4805
1	0.29582
1	0.42991
1	0.76876
1	0.5007
1	0.39037
1	0.70687
1	0.17593
1	0.40053
1	0.090183
1	0.33764
1	0.53622
1	0.13127
1	0.24036
1	0.059409
1	0.23633
1	0.36156
1	0.604
1	0.72213
1	0.25139
1	0.68603
1	0.30803
1	0.32061
1	0.5993
1	0.4717
1	0.16024
1	0.28487
1	0.041056
1	0.02336
1	0.45298
1	0.0013392
1	0.30862
1	1.0914
1	0.74036
1	0.54673
1	0.3613
1	0.11952
1	0.5169
1	0.53838
1	0.53936
1	0.60026
1	0.34295
1	0.31868
1	0.80247
1	0.26771
1	0.31634
1	0.55759
1	0.36723
1	0.008577
1	-0.073343
1	0.27481
1	0.18605
1	0.43109
1	0.26452
1	0.68307
1	0.41266
1	0.41626
1	0.27575
1	0.46082
1	-0.12054
1	0.60919
1	0.27841
1	0.41386
1	0.18178
1	-0.038039
1	0.10721
1	0.015659
1	0.084826
1	0.19752
1	0.33024
1	0.26987
1	0.25548
1	0.057174
1	0.31989
1	0.085608
1	0.18511
1	0.46922
1	0.080815
1	0.091389
1	0.56432
1	0.54705
1	0.62708
1	0.56309
1	0.048625
1	0.65882
1	0.41808
1	0.21059
1	0.82459
1	0.37278
1	0.10553
1	0.33518
1	0.22299
1	0.042832
1	0.15347
1	0.14165
1	0.26376
1	0.14835
1	0.53847
1	0.15522
1	0.43881
1	0.28176
1	0.75811
1	0.25413
1	0.40291
1	0.28985
1	0.21075
1	0.57393
1	0.50729
1	0.28303
1	0.53867
1	0.47122
1	0.29967
1	0.46003
1	0.37563
1	0.19682
1	0.33656
1	0.33639
1	0.39248
1	0.091669
1	0.32141
1	0.14622
1	0.078099
1	0.23183
1	0.38211
1	0.32184
1	0.35671
1	0.11131
1	0.47585
1	0.28559
1	0.21166
1	0.23841
1	0.53356
1	0.79703
1	0.401
1	0.81041
1	0.37918
1	0.3987
1	0.023436
1	0.74253
1	0.63207
1	0.72669
1	0.22594
1	0.23535
1	0.69846
1	0.71723
1	0.52356
1	0.56358
1	0.02331
1	-0.0015549
1	0.40326
1	0.74572
1	0.79108
1	0.6846
1	0.4885
1	0.55443
1	0.12439
1	0.27286
1	0.30538
1	0.22538
1	0.35271
1	0.49466
1	0.59202
1	0.34715
1	0.22596
1	0.43295
1	0.60646
1	0.29909
1	0.34201
1	0.45736
1	0.4219
1	0.31464
1	-0.02876
1	0.048352
1	0.27918
1	0.39188
1	0.81623
1	0.39881
1	0.63332
1	0.50117
1	0.64962
1	0.086572
1	0.30301
1	0.2905
1	0.21028
1	0.10936
1	0.17454
1	0.67689
1	0.22487
1	0.77625
1	0.84738
1	0.11969
1	0.43978
1	0.56187
1	0.56614
1	0.24754
1	0.50539
1	0.75062
1	0.79912
1	0.8591
1	0.66749
1	0.43513
1	0.77939
1	0.24758
1	0.64157
1	0.22629
1	0.71285
1	0.54556
1	0.54372
1	0.67156
1	0.31368
1	0.64248
1	0.69197
1	0.58736
1	0.50819
1	0.13955
1	0.24549
1	0.50487
1	0.30319
1	0.38422
1	0.39206
1	0.17491
1	0.089609
1	0.11322
1	0.53447
1	0.49848
1	0.35511
1	0.1588
1	0.31622
1	0.28719
1	0.21515
1	0.24806
1	0.66913
1	0.28532
1	0.65323
1	0.56888
1	0.64472
1	0.13069
1	0.043299
1	0.56647
1	0.43641
1	0.33676
1	0.70988
1	0.40155
1	0.54998
1	0.48414
1	0.52387
1	0.34704
1	0.44066
1	0.21031
1	0.069884
1	0.35515
1	0.54499
1	0.077285
1	0.42334
1	0.45075
1	0.24279
1	0.058455
1	0.30565
1	0.13038
1	0.32448
1	0.70482
1	0.47712
1	0.56031
1	0.43078
1	0.12912
1	0.2439
1	0.26357
1	0.57325
1	0.37574
1	0.61024
1	0.70029
1	0.44821
1	0.26882
1	0.55051
1	0.20803
1	0.13249
1	0.14703
1	0.39235
1	0.44869
1	0.72098
1	0.05059
1	0.45563
1	0.26672
1	0.63088
1	0.42031
1	0.38793
1	0.39731
1	0.31443
1	0.31127
1	0.18939
1	0.36994
1	0.35313
1	0.31325
1	0.63734
1	0.43063
1	0.45189
1	0.17728
1	0.244
1	0.40133
1	0.12148
1	0.31532
1	0.20186
1	0.42329
1	0.44439
1	0.24241
1	0.15964
1	0.24218
1	0.030944
1	0.17504
1	0.28113
1	0.31212
1	0.28496
1	0.078198
1	0.45066
1	0.10503
1	0.41195
1	0.15535
1	0.10331
1	0.047389
1	0.18008
1	0.16584
1	0.099389
1	0.42675
1	0.60402
1	0.55847
1	0.23422
1	0.73271
1	0.34188
1	0.36073
1	0.68112
1	0.74731
1	0.76962
1	0.44807
1	0.73584
1	0.939
1	0.68491
1	0.39668
1	0.18005
1	0.5206
1	0.17217
1	0.97751
1	0.083001
1	0.3057
1	0.4024
1	0.19058
1	0.48447
1	0.39101
1	0.46885
1	0.42871
1	0.31874
1	0.43773
1	0.25611
1	0.42815
1	-0.01449
1	0.17248
1	0.49316
1	0.33857
1	0.88121
1	0.065295
1	0.1286
1	0.11913
1	0.2606
1	-0.1419
1	0.56477
1	0.35014
1	0.49465
1	0.48937
1	0.19172
1	0.14534
1	0.20402
1	0.47114
1	0.36293
1	0.37154
1	0.24091
1	0.42264
1	0.44317
1	0.23994
1	0.22162
1	0.50189
1	0.48418
1	0.349
1	0.60673
1	0.39603
1	0.56307
1	0.77818
1	0.84923
1	0.36103
1	0.72113
1	0.018462
1	0.22774
1	0.31575
1	0.15145
1	0.54744
1	0.27992
1	-0.062744
1	0.59567
1	0.099673
1	0.21292
1	0.45796
1	0.501
1	0.28587
1	0.43158
1	0.73264
1	-0.12768
1	0.078943
1	0.3549
1	0.38991
1	0.26445
1	0.23373
1	0.14247
1	0.23472
1	0.35736
1	0.59545
1	0.27399
1	0.23118
1	0.1215
1	0.16492
1	0.13966
1	0.2385
1	0.073213
1	0.42342
1	0.46696
1	0.35269
1	0.2549
1	0.45547
1	0.038892
1	0.46717
1	0.43412
1	0.10132
1	0.32173
1	0.32127
1	0.04311
1	0.27422
1	0.26246
1	0.14981
1	0.21186
1	0.15905
1	0.19169
1	0.051014
1	0.40121
1	0.12288
1	0.087237
1	0.27854
1	0.36439
1	-0.41738
1	-0.16426
1	0.22806
1	0.17929
1	-0.080593
1	0.10624
1	-0.14056
1	0.34754
1	0.3821
1	0.38577
1	0.22849
1	0.26193
1	0.34219
1	0.0011326
1	0.23503
1	0.38756
1	0.17925
1	0.26543
1	0.30803
1	-0.050321
1	0.2003
1	0.21963
1	0.23269
1	0.11141
1	0.37274
1	0.295
1	0.31666
1	0.38198
1	0.26447
1	0.066875
1	0.3061
1	0.19377
1	0.31193
1	0.52847
1	0.25537
1	0.23844
1	0.33385
1	0.39364
1	0.2863
1	0.44066
1	-0.14882
1	0.37834
1	0.27777
1	0.6095
1	0.2878
1	0.59065
1	0.23184
1	0.11129
1	0.37675
1	-0.0094227
1	0.083069
1	-0.026451
1	0.14883
1	-0.046758
1	-0.096704
1	0.24128
1	0.049149
1	0.3593
1	0.64618
1	0.21017
1	0.51215
1	0.62422
1	0.73784
1	0.11953
1	0.26469
1	0.26416
1	0.024904
1	0.35593
1	0.17303
1	0.21948
1	0.3847
1	0.36903
1	0.17846
1	0.32985
1	0.27188
1	0.55852
1	0.21833
1	0.30148
1	0.16858
1	0.078081
1	0.60469
1	0.5125
1	0.010201
1	0.14654
1	0.077247
1	0.35834
1	0.39898
1	0.45982
1	0.38231
1	0.39016
1	0.50341
1	0.19636
1	0.21927
1	0.11616
1	0.08014
1	0.38242
1	0.31677
1	0.10447
1	0.59075
1	0.089286
1	0.6064
1	0.57545
1	0.64211
1	0.20526
1	0.26086
1	0.3093
1	0.44486
1	0.28863
1	-0.069465
1	0.30593
1	0.052607
1	0.1833
1	0.14622
1	0.13196
1	0.14509
1	0.33784
1	0.81757
1	0.45033
1	0.60515
1	0.7775
1	0.20449
1	0.052632
1	0.68707
1	0.75784
1	0.62807
1	0.28171
1	0.59903
1	0.37697
1	0.77357
1	0.28593
1	0.24136
1	0.46629
1	0.18397
1	0.69927
1	0.010001
1	0.3268
1	0.21765
1	0.45356
1	0.70859
1	0.91974
1	0.77659
1	0.64402
1	0.40067
1	0.34782
1	0.089856
1	0.58591
1	0.17926
1	0.47516
1	0.74836
1	0.20812
1	0.36453
1	0.5294
1	0.3237
1	0.60367
1	0.6333
1	-0.04053
1	0.37133
1	0.49181
1	0.41881
1	0.12012
1	0.26719
1	0.52239
1	0.46952
1	0.29688
1	0.71547
1	0.67105
1	0.35913
1	0.17448
1	0.27886
1	0.18265
1	0.46575
1	0.23682
1	0.33923
1	0.37855
1	0.23709
1	0.71329
1	0.228
1	0.13843
1	-0.13853
1	-0.04801
1	0.32517
1	0.37234
1	0.2885
1	0.070951
1	-0.017968
1	-0.01547
1	0.51745
1	0.28937
1	0.63612
1	0.35436
1	0.68505
1	0.2407
1	0.1763
1	0.47374
1	0.37869
1	-0.032818
1	0.15849
1	0.16037
1	0.42197
1	0.36233
1	0.31469
1	0.46189
1	0.46597
1	0.24196
1	0.44778
1	0.66675
1	0.20047
1	0.2681
1	0.34344
1	0.6288
1	0.60187
1	0.61808
1	0.49196
1	0.23875
1	0.27054
1	0.43312
1	0.53394
1	0.19288
1	0.21661
1	0.26755
1	0.33571
1	0.25664
1	0.14577
1	0.1586
1	0.18739
1	0.401
1	0.13153
1	0.57057
1	0.64504
1	0.41744
1	0.56938
1	0.078783
1	0.42345
1	0.26628
1	0.25353
1	0.23888
1	0.28755
1	0.34329
1	0.27803
1	0.64241
1	0.44001
1	0.0035409
1	0.32818
1	0.47134
1	0.36972
1	0.42251
1	0.068958
1	-0.064773
1	0.056722
1	0.39659
1	0.83906
1	0.34498
1	0.46157
1	0.0572
1	0.18758
1	0.45269
1	0.54099
1	0.56826
1	0.6122
1	0.068122
1	0.39599
1	-0.22171
1	0.59597
1	0.32338
1	0.23292
1	0.28832
1	0.35134
1	0.31983
1	0.57856
1	0.39717
1	0.34919
1	0.80606
1	0.2012
1	0.57731
1	0.78145
1	0.92554
1	0.40536
1	0.51542
1	0.56203
1	0.22329
1	0.32596
1	0.6721
1	0.49419
1	0.55232
1	0.11225
1	0.70994
1	0.14939
1	0.35873
1	0.4397
1	0.75244
1	0.41214
1	0.45516
1	0.55366
1	0.6877
1	0.43695
1	0.79048
1	0.60722
1	0.54102
1	0.37759
1	0.22775
1	0.45058
1	0.29922
1	-0.067882
1	0.24326
1	0.95683
1	0.48187
1	0.65609
1	0.038715
1	0.7209
1	0.086586
1	0.32259
1	0.20894
1	0.28778
1	0.4355
1	0.49307
1	0.1373
1	0.53048
1	0.043023
1	0.0015727
1	0.40709
1	0.46696
1	0.49361
1	0.38499
1	0.30109
1	-0.010657
1	0.19942
1	0.60043
1	0.39603
1	0.063384
1	-0.18698
1	0.57963
1	0.3266
1	0.21995
1	0.47277
1	0.13977
1	0.27491
1	0.2746
1	-0.027555
1	0.51466
1	0.37851
1	0.50754
1	0.088053
1	0.34848
1	0.20066
1	0.10003
1	0.047695
1	0.21427
1	0.17074
1	0.16354
1	0.48005
1	0.01616
1	0.72298
1	0.66105
1	0.31648
1	0.23267
1	0.32747
1	0.29337
1	0.50891
1	0.3655
1	0.26961
1	0.20125
1	0.32192
1	0.082011
1	0.26746
1	0.3892
1	0.56938
1	0.25054
1	0.33737
1	0.39268
1	0.31435
1	0.13912
1	0.26923
1	0.3452
1	0.35996
1	0.084323
1	0.3873
1	0.17735
1	0.54926
1	0.60374
1	0.35707
1	0.39637
1	0.19257
1	0.26026
1	0.47564
1	0.4251
1	0.13398
1	0.30777
1	0.30166
1	0.31429
1	0.8289
1	0.25995
1	0.73602
1	0.40343
1	0.082549
1	0.079579
1	0.052303
1	-0.11437
1	0.42691
1	0.44624
1	0.48038
1	0.37476
1	0.16167
1	0.44672
1	0.31843
1	0.3308
1	0.16274
1	0.36388
1	0.53978
1	0.14559
1	0.1627
1	0.70315
1	0.67239
1	0.38437
1	0.56786
1	0.19586
1	0.22355
1	0.13495
1	0.36305
1	0.24197
1	0.33444
1	0.42681
1	0.22302
1	0.59831
1	0.44658
1	-0.021092
1	-0.018819
1	0.066286
1	0.14335
1	0.13648
1	0.24965
1	0.20838
1	0.33519
1	0.2763
1	0.16046
1	0.21305
1	0.1475
1	0.1517
1	0.30981
1	0.18389
1	0.43445
1	0.16957
1	0.3415
1	0.13384
1	0.2871
1	0.29139
1	0.20323
1	0.29788
1	0.48832
1	0.16398
1	0.21507
1	0.2853
1	0.47875
1	0.20214
1	0.16731
1	0.33683
1	0.17262
1	0.72238
1	0.66009
1	0.76759
1	0.47825
1	0.088748
1	0.30585
1	0.10611
1	0.2771
1	0.23671
1	0.53811
1	-0.0044968
1	0.23438
1	0.44682
1	0.34542
1	0.46468
1	0.17582
1	0.09347
1	0.0027903
1	-0.000958
1	0.37584
1	0.32195
1	0.17868
1	0.026649
1	0.27765
1	0.55567
1	0.52058
1	0.65237
1	0.57463
1	-0.078088
1	-0.064435
1	0.31952
1	0.18398
1	0.14387
1	0.022723
1	0.57854
1	0.11865
1	0.228
1	0.079072
1	0.14585
1	0.26106
1	0.135
1	0.050915
1	0.23866
1	0.064923
1	-0.042245
1	0.13111
1	0.47002
1	0.11727
1	0.16267
1	0.32241
1	0.13851
1	0.20732
1	0.41921
1	0.41362
1	0.48243
1	0.22856
1	0.15466
1	0.23108
1	0.765
1	0.31753
1	0.58183
1	0.7717
1	0.47421
1	0.37828
1	0.53074
1	0.26854
1	-0.0095634
1	0.10365
1	0.30159
1	0.35016
1	0.059124
1	0.15824
1	0.16864
1	0.20181
1	0.28953
1	0.3023
1	0.18375
1	0.43498
1	0.28272
1	0.40046
1	0.19841
1	0.34773
1	0.39832
1	0.19271
1	0.044593
1	0.16009
1	0.2429
1	0.33652
1	0.35035
1	0.53758
1	0.64789
1	0.10109
1	0.13134
1	-0.074026
1	0.26037
1	0.41615
1	0.0045123
1	0.41149
1	0.1441
1	0.32337
1	0.41505
1	0.67084
1	0.11924
1	0.36592
1	0.49396
1	0.20652
1	0.67798
1	0.36983
1	0.64045
1	0.19232
1	0.42487
1	0.23339
1	0.36464
1	0.45657
1	-0.19195
1	0.38393
1	0.51866
1	0.48238
1	0.38684
1	0.40178
1	0.41845
1	0.26646
1	0.42475
1	0.29107
1	0.10676
1	0.016884
1	0.22687
1	0.067208
1	0.19838
1	0.18804
1	0.33163
1	-0.050604
1	0.29264
1	0.14694
1	0.57383
1	0.15143
1	0.18364
1	0.5495
1	0.29154
1	0.03913
1	0.019935
1	0.38613
1	0.10296
1	0.23261
1	0.17554
1	-0.032447
1	0.37507
1	0.36162
1	0.26426
1	0.08748
1	0.010163
1	0.26135
1	0.43624
1	0.64422
1	0.06611
1	0.58048
1	0.22898
1	0.031161
1	0.042826
1	0.21441
1	0.46387
1	0.59989
1	0.090445
1	0.38365
1	-0.075588
1	0.21728
1	0.22888
1	0.069379
1	0.16825
1	0.17217
1	0.28385
1	0.22276
1	0.29244
1	0.12479
1	0.32374
1	0.24475
1	0.081314
1	0.094571
1	0.47139
1	0.089942
1	0.12192
1	-0.020613
1	0.17752
1	-0.012258
1	0.18673
1	0.42647
1	0.34709
1	0.44346
1	0.53058
1	0.55599
1	0.036977
1	0.37707
1	-0.046854
1	0.37012
1	0.35292
1	0.20392
1	0.27877
1	0.1077
1	0.36632
1	-0.10421
1	0.76813
1	0.34336
1	0.66281
1	0.05594
1	-0.23496
1	0.15698
1	0.19387
1	0.34083
1	0.11606
1	0.31024
1	0.24317
1	-0.046104
1	0.33723
1	0.27487
1	-0.14061
1	-0.025496
1	0.24552
1	0.077678
1	0.14192
1	0.74438
1	0.10402
1	-0.089556
1	0.51132
1	0.31132
1	0.35393
1	0.31681
1	0.17665
1	0.48053
1	0.1738
1	0.17596
1	0.33112
1	0.13794
1	-0.043797
1	0.23572
1	0.23947
1	0.286
1	0.55018
1	0.37068
1	0.14716
1	0.33377
1	-0.011919
1	0.074843
1	0.39474
1	0.13817
1	-0.06904
1	0.68757
1	0.11172
1	0.49929
1	0.25737
1	0.22979
1	0.033053
1	0.31411
1	0.76323
1	0.02649
1	0.2857
1	0.29879
1	0.29416
1	-0.0061762
1	-0.16134
1	0.15021
1	0.46704
1	0.5176
1	0.50558
1	0.50205
1	0.79809
1	0.39749
1	0.57531
1	0.43112
1	0.39922
1	0.66587
1	0.30845
1	0.49992
1	0.2994
1	0.29334
1	0.63007
1	0.61756
1	0.64689
1	0.43826
1	0.071501
1	0.66347
1	0.10713
1	0.071678
1	0.042918
1	0.17543
1	0.54694
1	0.48844
1	0.32644
1	0.23149
1	0.56129
1	0.6054
1	0.28369
1	0.49271
1	0.10422
1	0.1074
1	0.043052
1	0.37695
1	0.56751
1	0.3903
1	0.17826
1	0.73764
1	0.48359
1	0.42543
1	-0.0806
1	0.2839
1	0.21443
1	0.21507
1	0.016641
1	0.093566
1	0.15947
1	0.15615
1	0.50284
1	-0.24109
1	0.44416
1	0.65447
1	0.58278
1	0.30101
1	0.35339
1	0.3312
1	0.46693
1	0.78474
1	0.10384
1	0.22298
1	0.37475
1	0.15573
1	0.23662
1	0.18901
1	0.083236
1	0.30464
1	0.21884
1	0.28029
1	0.24026
1	0.45786
1	0.068961
1	0.1898
1	-0.025442
1	0.44644
1	0.31114
1	0.19181
1	0.30579
1	0.091704
1	-0.051516
1	0.23754
1	0.52262
1	0.52877
1	0.22966
1	0.53141
1	0.6481
1	0.31122
1	0.30268
1	0.23562
1	0.59031
1	0.19481
1	0.50126
1	0.50772
1	0.42399
1	0.28037
1	0.22108
1	0.56373
1	0.14935
1	0.47444
1	0.26758
1	0.63717
1	0.4466
1	0.25319
1	0.60353
1	0.22465
1	0.14883
1	0.43107
1	0.33637
1	0.33
1	0.42657
1	0.14388
1	0.10621
1	0.32533
1	0.49793
1	0.14105
1	-0.09452
1	0.18273
1	0.13203
1	0.058088
1	0.31713
1	0.14859
1	0.096752
1	0.59236
1	0.53623
1	0.10954
1	0.098261
1	0.11368
1	0.39186
1	0.46391
1	0.018988
1	0.18474
1	0.42494
1	0.2435
1	0.49634
1	0.018331
1	0.28224
1	0.11065
1	0.52408
1	-0.1355
1	0.0024546
1	0.15245
1	0.13328
1	0.23786
1	-0.0067066
1	0.011877
1	0.41506
1	0.27274
1	0.25349
1	0.052714
1	0.10806
1	0.086916
1	-0.049401
1	0.37728
1	0.093104
1	0.1115
1	0.066872
1	0.31509
1	0.21564
1	-0.0079716
1	0.043701
1	0.139
1	0.017104
1	0.054345
1	0.304
1	0.24277
1	0.2428
1	0.082481
1	-0.015538
1	-0.010891
1	0.1373
1	0.076326
1	0.039169
1	-0.23569
1	-0.050066
1	0.10292
1	0.094191
1	0.20609
1	0.070186
1	0.32439
1	0.2886
1	0.10305
1	0.21522
1	0.12713
1	0.08036
1	0.01036
1	0.20225
1	0.10333
1	-0.22642
1	0.099723
1	-0.09389
1	-0.077417
1	-0.023107
1	0.051535
1	0.0017706
1	-0.0084803
1	0.51318
1	0.16072
1	0.45033
1	0.038491
1	0.057702
1	0.22136
1	0.29852
1	0.11949
1	0.073411
1	0.034664
1	0.097672
1	0.30822
1	0.26093
1	0.30074
1	0.16459
1	0.27086
1	0.26457
1	-0.035176
1	-0.021114
1	-0.075707
1	-0.10298
1	0.13545
1	0.0928
1	0.018033
1	0.0010216
1	0.30166
1	0.056342
1	0.056139
1	0.027225
1	0.16704
1	0.10635
1	0.2147
1	0.028575
1	0.11094
1	0.22447
1	0.060008
1	0.045296
1	-0.10778
1	0.53259
1	0.23813
1	0.24578
1	0.21948
1	0.24189
1	0.2916
1	0.0034447
1	0.049287
1	0.17614
1	-0.027971
1	0.32674
1	0.47048
1	0.21229
1	0.33315
1	0.22795
1	0.17508
1	-0.09315
1	0.059107
1	-0.070265
1	0.029252
1	-0.021088
1	0.25185
1	0.14624
1	0.33343
1	0.11428
1	-0.065341
1	0.030355
1	0.14797
1	0.24301
1	0.32242
1	0.20973
1	0.21952
1	0.20021
1	0.2227
1	0.08825
1	0.0058155
1	-0.12703
1	-0.16522
1	0.013955
1	0.3406
1	0.33807
1	0.19002
1	0.31997
1	0.19605
1	0.10822
1	0.32962
1	0.010136
1	0.10201
1	-0.013481
1	0.08433
1	-0.042862
1	-0.007992
1	0.28396
1	0.23788
1	0.11286
1	0.19904
1	0.27108
1	0.26714
1	0.077171
1	-0.0044364
1	-0.024217
1	-0.0048264
1	-0.040522
1	0.58515
1	0.11854
1	0.057749
1	0.35177
1	0.07038
1	0.2901
1	0.16962
1	0.084986
1	-0.080218
1	0.061571
1	-0.0089463
1	-0.26779
1	-0.14767
1	0.10094
1	0.021659
1	0.17779
1	0.12908
1	0.13234
1	0.11386
1	0.049821
1	0.13682
1	0.12222
1	0.074648
1	-0.0078983
1	-0.0070491
1	-0.27173
1	-0.2317
1	0.038587
1	0.16697
1	0.071558
1	-0.13193
1	0.14871
1	0.012311
1	-0.056554
1	0.22916
1	0.13619
1	0.16381
1	0.15736
1	0.21848
1	0.21522
1	0.051754
1	0.14213
1	0.098187
1	0.18375
1	0.0032271
1	-0.057662
1	0.097319
1	0.15141
1	0.17284
1	0.13601
1	-0.070688
1	0.16589
1	0.10597
1	0.19182
1	0.11847
1	0.12208
1	0.42488
1	0.05076
1	0.31713
1	0.22953
1	0.12511
1	0.20733
1	0.20001
1	0.12649
1	-0.12158
1	0.16098
1	0.11877
1	0.13671
1	0.38826
1	0.3924
1	0.093623
1	0.1833
1	0.084005
1	0.25453
1	0.15785
1	0.13454
1	3.9242e-18
1	-8.46e-18
1	0.063302
1	0.11783
1	0.029265
1	-0.06761
1	0
1	0
1	-0.040089
1	0.070229
1	0.081955
1	5.9261e-19
1	-0.00063838
1	0.17791
1	0.0019391
1	0.00016934
1	0.00069838
1	-0.034356
1	0.31089
1	0.077894
0	-0.0034525
0	0.23053
0	0.10932
0	-0.10127
0	-0.096666
0	-0.017463
0	-0.016144
0	-1.8071e-18
0	-0.12605
0	-0.055368
0	0.22045
0	0.16498
0	0.010744
0	0.16706
0	0.22085
0	-0.077973
0	0.088143
0	-0.0015325
0	-0.048006
0	0.02734
0	0.044215
0	0.0050575
0	-0.015066
0	0.14754
0	-0.047449
0	0.11227
0	0.03107
0	0.1989
0	0.015047
0	-0.024952
0	0.36964
0	0.34442
0	0.06312
0	0.0096987
0	0.055616
0	-0.072514
0	-0.054227
0	-0.26458
0	0.070979
0	0.046991
0	0.018432
0	-0.050782
0	-0.074669
0	0.017355
0	-0.020336
0	-0.0053722
0	0.067913
0	0.19642
0	0.41601
0	0.14456
0	-0.070065
0	-0.069873
0	0.0039188
0	0.097453
0	-0.013276
0	0.036536
0	-0.023389
0	0.023432
0	0.12081
0	0.11433
0	0.17872
0	-0.019482
0	-0.053511
0	0.078872
0	-0.11189
0	-0.019224
0	0.12692
0	-0.076237
0	0.25312
0	0.18413
0	0.20453
0	0.073479
0	0.058042
0	-0.03293
0	0.23245
0	0.063055
0	0.039492
0	-0.021518
0	0.38551
0	-0.0093208
0	0.11959
0	-0.043992
0	-0.049301
0	0.090856
0	-0.059831
0	0.13795
0	0.079245
0	-0.0052559
0	0.19736
0	0.030315
0	0.17819
0	0.069605
0	0.11063
0	0.065308
0	0.11757
0	0.046369
0	-0.1271
0	-0.001092
0	0.10481
0	0.093201
0	0.16981
0	-0.16532
0	0.016837
0	-0.061151
0	-0.076573
0	-0.0088034
0	-0.20892
0	0.22094
0	0.27747
0	0.18896
0	-0.14654
0	0.027269
0	-0.18407
0	0.056802
0	0.086121
0	0.038951
0	0.12599
0	0.20993
0	-0.011836
0	-0.083024
0	0.064538
0	-0.075899
0	0.076506
0	-0.029562
0	0.039385
0	0.06196
0	0.038985
0	0.037186
0	-0.0018717
0	-0.063326
0	-0.024487
0	0.40367
0	0.020688
0	0.023426
0	0.098811
0	0.012533
0	-0.38903
0	0.034807
0	0.060179
0	0.18795
0	0.040023
0	-0.024001
0	0.037471
0	0.050954
0	0.12468
0	0.093831
0	0.0054681
0	0.14802
0	0.030081
0	0.0085954
0	0.046031
0	-0.22647
0	0.098575
0	0.15953
0	0.094313
0	0.22918
0	0.063815
0	0.17039
0	0.026689
0	-0.22534
0	0.093784
0	0.19405
0	0.066133
0	-0.047026
0	-0.044893
0	-0.11231
0	-0.1091
0	-0.017222
0	0.0069201
0	0.23398
0	-0.05316
0	0.10641
0	0.35113
0	0.03848
0	0.0057263
0	-0.023899
0	0.041893
0	-0.001819
0	-0.05521
0	0.17062
0	0.094152
0	0.29774
0	0.028292
0	0.097508
0	0.030699
0	0.039928
0	-0.14223
0	0.0075552
0	0.20401
0	-0.059925
0	0.037097
0	0.061752
0	0.37487
0	0.011272
0	0.069724
0	-0.024396
0	0.011299
0	-0.11243
0	-0.12621
0	0.0076751
0	0.040772
0	0.21405
0	0.3073
0	0.023513
0	-0.12282
0	0.07638
0	-0.064687
0	0.010999
0	0.10618
0	0.18953
0	0.17279
0	-0.045955
0	-0.045606
0	-0.12294
0	0.042182
0	0.045288
0	0.091557
0	0.44752
0	0.14782
0	0.1168
0	0.037906
0	0.034116
0	0.072918
0	-0.053049
0	0.041129
0	0.056574
0	0.078725
0	0.46611
0	0.12782
0	0.024265
0	-0.033911
0	-0.065117
0	0.055282
0	0.065087
0	0.0077405
0	0.042466
0	0.16173
0	-0.1076
0	0.042779
0	0.21475
0	-0.10413
0	0.13159
0	0.14936
0	0.10716
0	0.0098351
0	0.20807
0	0.12889
0	-0.096583
0	0.03724
0	0.21586
0	0.080822
0	-0.16798
0	0.0042971
0	-0.052945
0	0.15804
0	0.23599
0	0.075434
0	-0.0031803
0	-0.015548
0	0.39729
0	-0.17813
0	0.039213
0	-0.038781
0	0.27196
0	-0.047635
0	0.19213
0	0.0076935
0	-0.0016419
0	-0.037786
0	0.076883
0	-0.043408
0	-0.046182
0	0.14372
0	-0.029332
0	0.13067
0	0.17796
0	-0.053124
0	0.16039
0	0.26668
0	0.075623
0	0.26531
0	-0.14641
0	0.039974
0	0.074761
0	0.0077217
0	0.0088075
0	0.15997
0	0.16079
0	0.065617
0	0.075558
0	0.14294
0	0.091316
0	0.11155
0	-0.04744
0	0.056157
0	-0.0086336
0	-0.055456
0	-0.059221
0	0.098868
0	0.19334
0	0.32938
0	0.21444
0	-0.019512
0	0.15984
0	0.057423
0	-0.057569
0	-0.11031
0	0.25294
0	0.0048588
0	0.066032
0	-0.071469
0	0.28164
0	-0.046693
0	0.090113
0	0.25807
0	0.1753
0	-0.087039
0	-0.14514
0	-0.071135
0	0.091977
0	0.04131
0	0.04418
0	0.16158
0	0.00025878
0	0.10711
0	0.01039
0	-0.12986
0	-0.0031974
0	-0.078281
0	0.029797
0	0.10935
0	-0.05279
0	-0.17887
0	0.28026
0	0.052416
0	0.42319
0	0.32683
0	0.022436
0	0.020987
0	0.013098
0	-0.053146
0	0.014302
0	0.077751
0	0.094763
0	-0.0031487
0	-0.047313
0	0.23131
0	0.016741
0	0.035898
0	0.26117
0	0.011887
0	0.049331
0	-0.033146
0	-0.070237
0	-0.088643
0	0.21246
0	0.085952
0	0.0034017
0	0.14305
0	0.10548
0	0.018133
0	0.019389
0	0.054306
0	0.039305
0	0.047708
0	-0.066634
0	0.11579
0	0.065587
0	0.42288
0	0.060264
0	-0.25692
0	0.11171
0	-0.069286
0	0.068114
0	0.045189
0	-0.03592
0	0.76994
0	0.27235
0	0.051127
0	0.38422
0	0.024689
0	-0.046686
0	-0.022317
0	0.099053
0	-0.0074839
0	-0.060667
0	0.070185
0	-0.0076012
0	0.14477
0	-0.018709
0	0.01452
0	0.12094
0	0.12013
0	0.29522
0	0.21265
0	0.12737
0	-0.19178
0	-0.007947
0	-0.055342
0	0.00044827
0	0.0032333
0	0.057774
0	0.052795
0	-0.13177
0	-0.020464
0	0.15793
0	0.101
0	0.077274
0	-0.028587
0	0.23588
0	-0.10278
0	-0.075397
0	-0.059243
0	-0.061199
0	0.073401
0	0.009463
0	-0.064879
0	0.19086
0	0.068661
0	0.10271
0	0.060413
0	0.40547
0	-0.17934
0	0.34239
0	0.017563
0	0.4421
0	0.19386
0	0.028992
0	0.045321
0	-0.14069
0	-0.0013374
0	-0.080829
0	-0.0055033
0	0.058377
0	-0.15592
0	-0.064029
0	-0.074511
0	0.036878
0	-0.11527
0	-0.047489
0	0.15521
0	-0.095031
0	-0.025793
0	-0.021011
0	0.1569
0	-0.011995
0	0.011953
0	0.11334
0	-0.010468
0	0.088855
0	-0.074368
0	0.11842
0	0.08191
0	-0.032867
0	-0.01952
0	0.049873
0	-0.0052259
0	-0.0013432
0	-0.0088783
0	-0.16099
0	0.10993
0	0.093465
0	-0.16311
0	0.081393
0	0.37506
0	-0.054724
0	0.083977
0	-0.092919
0	-0.17647
0	0.18218
0	0.23909
0	0.243
0	0.16885
0	-0.051885
0	-0.11495
0	-0.028289
0	0.013076
0	-0.010951
0	-0.031428
0	-0.0060592
0	0.060356
0	-0.096709
0	0.027461
0	0.059994
0	-0.053114
0	0.29582
0	-0.051734
0	0.37857
0	-0.050601
0	0.10152
0	0.082921
0	0.038221
0	-0.024917
0	0.17157
0	-0.42122
0	0.088862
0	-0.013574
0	-0.039959
0	0.11321
0	-0.066566
0	0.09393
0	-0.05167
0	-0.088611
0	0.32912
0	0.098425
0	-0.075362
0	-0.0029351
0	-0.029015
0	-0.15297
0	-0.068502
0	-0.051257
0	0.12526
0	0.061547
0	0.052838
0	0.18708
0	0.0682
0	0.036175
0	0.36722
0	-0.06998
0	-0.057565
0	-0.010029
0	-0.14808
0	-0.056164
0	-0.02164
0	-0.055584
0	0.15261
0	0.11695
0	-0.024315
0	0.066571
0	-0.021651
0	-0.15004
0	-0.018203
0	0.1513
0	-0.10879
0	0.0014674
0	0.24811
0	-0.23355
0	2.0896e-18
0	0.0079777
0	0.24889
0	-0.071085
0	0.0028494
0	-0.033862
0	0.16858
0	-0.1265
0	0.14054
0	0.14791
0	0.00039256
0	0.068742
0	-0.0036934
0	0.04055
0	-0.048448
0	0.29536
0	0.11978
0	-0.071381
0	0.074036
0	0.099074
0	0.2679
0	0.11075
0	-0.016152
0	0.10523
0	0.036279
0	0.048127
0	-0.013414
0	0.045237
0	-0.00012409
0	0.037702
0	0.046631
0	0.029302
0	-0.11345
0	-0.071019
0	0.55461
0	-0.17789
0	0.036265
0	0.31032
0	0.064509
0	0.18309
0	0.012971
0	0.09006
0	0.048303
0	0.011468
0	0.038092
0	0.13478
0	-0.1362
0	0.013681
0	0.086874
0	-0.15182
0	-0.027171
0	-0.071465
0	0.0816
0	0.018019
0	0.006558
0	-0.07187
0	-0.033018
0	0.076785
0	-0.13102
0	0.048317
0	0.12014
0	0.17231
0	0.0085574
0	9.1874e-05
0	0.16524
0	-0.07516
0	0.22267
0	0.063231
0	0.30048
0	0.1562
0	0.46036
0	0.20516
0	0.19529
0	0.09881
0	0.033844
0	0.074719
0	0.031101
0	-0.1828
0	0.13749
0	0.022324
0	-0.045818
0	0.099789
0	0.0064547
0	-0.025939
0	-0.064346
0	-0.024382
0	0.068602
0	0.097876
0	0.47056
0	0.085994
0	-0.019979
0	0.18219
0	0.084411
0	0.038787
0	0.0082832
0	-0.11793
0	0.087699
0	0.0764
0	0.042452
0	0.1204
0	0.069242
0	-0.044544
0	-0.085246
0	-0.044001
0	0.15874
0	-0.10645
0	-0.015423
0	0.026429
0	-0.012918
0	0.16992
0	-0.1868
0	0.39765
0	-0.00062106
0	0.20469
0	-0.11734
0	0.018499
0	-0.26695
0	-0.099882
0	0.094715
0	0.15526
0	0.004574
0	-0.033405
0	-0.082079
0	0.016888
0	-0.033473
0	-0.040681
0	0.2667
0	-0.027724
0	-0.094897
0	0.067041
0	0.0010446
0	0.2477
0	0.18684
0	-0.23033
0	0.024463
0	0.12562
0	0.052568
0	0.0002968
0	-0.0025921
0	0.034562
0	-0.033122
0	0.68026
0	-0.016571
0	-0.045792
0	-0.026114
0	0.27968
0	0.060935
0	0.20503
0	-0.024192
0	-0.10567
0	-0.1711
0	-0.11322
0	0.065067
0	-0.090186
0	-0.18438
0	0.023909
0	0.034582
0	0.034763
0	-0.13889
0	0.071637
0	-0.017011
0	0.085717
0	-0.072421
0	0.01561
0	-0.11974
0	-0.044807
0	-0.078894
0	0.17812
0	0.081545
0	-0.004607
0	-0.085631
0	0.055778
0	-0.048061
0	-0.013023
0	-0.10173
0	-0.12905
0	0.047383
0	0.043529
0	0.068518
0	0.046021
0	0.0048148
0	0.0087064
0	0.035364
0	0.10273
0	0.21365
0	-0.058635
0	-0.063804
0	-0.058883
0	-0.082304
0	0.0060647
0	0.59168
0	0.04485
0	0.098201
0	-0.13946
0	0.032906
0	-0.072495
0	-0.054326
0	0.041585
0	0.074838
0	0.0026982
0	-0.13706
0	0.031188
0	0.15023
0	0.2547
0	-0.16356
0	0.33186
0	-0.054159
0	0.047552
0	-0.11078
0	-0.011356
0	0.016304
0	-0.11289
0	-0.11637
0	0.05653
0	0.010757
0	-0.053637
0	0.17032
0	-0.08144
0	-0.032129
0	0.12668
0	-0.03039
0	0.026281
0	0.109
0	-0.042762
0	0.075768
0	0.023928
0	0.13463
0	-0.087277
0	0.0005986
0	0.14843
0	0.09075
0	-0.03468
0	0.028642
0	0.10118
0	0.088531
0	-0.075975
0	0.14985
0	0.10574
0	0.012967
0	0.19396
0	-0.041278
0	-0.17379
0	0.0066734
0	-0.024441
0	0.17403
0	-0.022638
0	-0.012262
0	-0.10582
0	0.018814
0	0.022866
0	0.16057
0	0.020776
0	-0.080232
0	-0.16312
0	-0.15624
0	0.57298
0	0.066713
0	-0.076605
0	0.0035258
0	-0.036041
0	0.083538
0	0.29059
0	0.31089
0	-0.09126
0	0.093567
0	0.13155
0	0.26791
0	0.10273
0	0.031387
0	0.25408
0	0.0035893
0	0.090231
0	0.024691
0	0.027901
0	0.024409
0	0.058644
0	-0.022502
0	0.024802
0	-0.016839
0	0.020278
0	-0.0051127
0	0.082402
0	0.15395
0	-0.0046507
0	0.081819
0	-0.093807
0	-0.074691
0	0.098182
0	0.13068
0	0.026271
0	0.031481
0	0.011282
0	-0.07988
0	-7.445e-19
0	0.084251
0	0.077354
0	0.012686
0	0.14801
0	0.25431
0	0.090278
0	-0.27226
0	-0.056752
0	0.032096
0	-0.077296
0	0.015271
0	0.067555
0	0.15652
0	0.068085
0	0.20615
0	0.024634
0	0.057641
0	-0.058189
0	0.013612
0	0.068805
0	0.13875
0	0.10703
0	-0.22925
0	0.097207
0	-0.15895
0	0.43284
0	0.04462
0	0.081389
0	-0.035634
0	0.031724
0	0.064906
0	0.14675
0	0.15818
0	0.010865
0	0.13754
0	-0.055947
0	-0.044152
0	-0.096481
0	0.097272
0	0.050235
0	0.38694
0	0.09388
0	0.094149
0	-0.10802
0	0.097926
0	0.17401
0	-0.0032685
0	0.063827
0	0.025019
0	-0.043272
0	0.072791
0	-0.041727
0	0.065457
0	-0.14597
0	0.019269
0	0.2036
0	-0.039209
0	-0.01456
0	0.19995
0	0.01742
0	-0.10364
0	0.057446
0	-0.026924
0	-0.067553
0	0.18138
0	0.047751
0	-0.041265
0	0.14773
0	0.091776
0	0.082973
0	0.037065
0	-0.18957
0	-0.037483
0	0.14214
0	-0.01088
0	0.31951
0	0.055705
0	0.35987
0	-0.040684
0	0.0044902
0	0.047893
0	0.067078
0	-0.0090599
0	0.13331
0	0.0057775
0	0.12428
0	-0.024492
0	-0.16271
0	-0.092746
0	-0.10637
0	0.056982
0	0.018903
0	0.029904
0	0.06135
0	-0.0011381
0	-0.061181
0	0.080598
0	0.029133
0	-0.01189
0	0.089145
0	0.064618
0	0.062677
0	0.072234
0	0.31085
0	-0.08209
0	0.042756
0	-0.042733
0	-0.045955
0	-0.010191
0	0.030962
0	-0.049125
0	-0.026195
0	0.090234
0	-0.0072935
0	-0.082263
0	0.073823
0	0.078587
0	0.093428
0	-0.015689
0	0.033331
0	-0.046584
0	0.12852
0	0.11216
0	0.062939
0	-0.17872
0	0.62819
0	0.15124
0	0.43576
0	0.00057406
0	0.29058
0	0.00023743
0	0.21668
0	0.038219
0	0.19048
0	-0.077599
0	-0.1254
0	0.025054
0	-0.19085
0	-0.078687
0	0.16054
0	0.061442
0	0.24181
0	0.067546
0	-0.030744
0	0.020313
0	0.07965
0	-0.13891
0	-0.051426
0	-0.0052601
0	-0.013928
0	-0.072569
0	0.17333
0	-0.050714
0	0.047952
0	0.041224
0	0.036233
0	-0.15776
0	0.055941
0	0.070797
0	0.10261
0	0.0074419
0	0.11017
0	-0.0095556
0	-0.05116
0	0.75635
0	0.1433
0	0.12758
0	0.16113
0	0.068283
0	0.096001
0	-0.2113
0	0.30535
0	-0.075537
0	0.039328
0	0.067335
0	0.18612
0	-0.11276
0	0.042548
0	0.023443
0	0.23768
0	0.084754
0	0.097631
0	0.021238
0	0.07236
0	-0.039034
0	0.25805
0	0.026326
0	0.004314
0	-0.07883
0	-0.013552
0	0.10489
0	-0.10534
0	0.29437
0	-0.081845
0	0.058123
0	0.27355
0	-0.010993
0	-0.26792
0	0.051493
0	-0.0037699
0	0.22244
0	-0.053224
0	-0.059033
0	-0.0066501
0	0.054512
0	-0.065798
0	-0.03234
0	-0.14393
0	-0.00075424
0	0.022495
0	0.2356
0	0.015782
0	0.57778
0	0.13681
0	0.21781
0	0.093928
0	-0.021
0	0.12313
0	0.0501
0	-0.068798
0	0.48644
0	-0.1364
0	0.11041
0	0.081803
0	-0.054558
0	0.050221
0	-0.15357
0	0.25518
0	-0.034402
0	0.0036905
0	0.11814
0	-0.0081771
0	0.047624
0	-0.04487
0	-0.014115
0	0.099788
0	0.0041126
0	0.079408
0	0.033161
0	-0.13717
0	-0.10381
0	0.0063379
0	-0.033062
0	0.16568
0	0.063127
0	0.026255
0	0.057383
0	-0.031145
0	0.023023
0	0.31918
0	0.084066
0	0.091997
0	0.22534
0	0.16115
0	-0.051629
0	0.12966
0	-0.22477
0	0.017621
0	0.045653
0	-0.13661
0	-0.10409
0	0.028269
0	-0.029466
0	0.11005
0	0.12187
0	-0.030724
0	0.1236
0	-0.069578
0	0.10493
0	0.14425
0	-0.05618
0	0.0086979
0	0.057776
0	-0.018234
0	0.18221
0	0.031052
0	0.13756
0	-0.015476
0	0.29381
0	0.10504
0	-0.078402
0	0.16018
0	0.077079
0	0.086658
0	0.1058
0	-0.070945
0	0.19565
0	-0.19833
0	-0.0063055
0	0.22216
0	-0.026038
0	0.030253
0	0.16949
0	0.12714
0	0.26034
0	0.030916
0	0.024466
0	-0.13078
0	0.02162
0	-0.11863
0	-0.029241
0	0.028171
0	0.04153
0	0.2636
0	0.002494
0	-0.040184
0	-0.030852
0	-0.038575
0	0.23358
0	0.1382
0	-0.006874
0	0.20941
0	-0.032729
0	0.083079
0	0.016045
0	0.23199
0	0.066362
0	-0.031849
0	0.22664
0	-0.046184
0	-0.014375
0	0.032616
0	-0.0097479
0	0.03413
0	-0.092244
0	-0.007286
0	0.080451
0	0.45814
0	0.25754
0	0.14147
0	-0.37339
0	-0.07951
0	0.0025641
0	0.17592
0	-0.0032351
0	0.052205
0	-0.23297
0	-0.081225
0	0.079958
0	0.012903
0	0.34441
0	-0.025828
0	0.24502
0	0.13563
0	0.21946
0	-0.16413
0	0.1501
0	0.021479
0	0.0076445
0	0.018046
0	-0.014315
0	-0.097975
0	0.0081424
0	0.001558
0	0.0053565
0	0.017424
0	-0.054857
0	0.095257
0	0.16548
0	0.01484
0	-0.098683
0	0.062711
0	0.079945
0	0.14277
0	0.049331
0	0.11206
0	-0.015825
0	0.14578
0	0.034289
0	0.12624
0	0.0034555
0	-0.13964
0	0.1796
0	0.24486
0	0.015086
0	0.012918
0	-0.014836
0	-0.074484
0	0.034187
0	0.022174
0	0.082711
0	-0.014236
0	0.38456
0	0.13634
0	0.066893
0	0.35167
0	0.069079
0	-0.030215
0	0.057868
0	-0.046203
0	0.098282
0	0.29744
0	0.36713
0	-0.031772
0	0.037137
0	0.10357
0	-0.099155
0	-0.05113
0	0.11867
0	-0.012291
0	0.039713
0	-0.21619
0	-0.016145
0	0.052095
0	0.07226
0	0.25521
0	0.14
0	0.006982
0	-0.074827
0	0.10876
0	-0.077627
0	0.15603
0	0.22233
0	0.2952
0	0.16266
0	0.021057
0	0.27543
0	0.10002
0	-0.089638
0	0.47789
0	-0.095271
0	0.27256
0	0.27515
0	-0.011115
0	0.099843
0	-0.041712
0	-0.055779
0	-0.1321
0	-0.05538
0	0.12063
0	-0.17653
0	0.018796
0	-0.042069
0	-0.11435
0	0.22548
0	0.16849
0	0.14163
0	0.0998
0	0.10783
0	-0.16331
0	-0.0064355
0	-0.0017053
0	-0.0021325
0	0.017923
0	0.071951
0	-0.1187
0	0.085499
0	-0.091677
0	0.21046
0	0.030918
0	0.080382
0	0.21148
0	-0.0065722
0	-0.032801
0	0.00043487
0	0.043671
0	-0.021251
0	0.096628
0	0.017654
0	-0.089348
0	0.028366
0	0.061896
0	-0.18155
0	0.15595
0	-0.17682
0	-0.10019
0	0.066997
0	0.042957
0	0.065887
0	0.16882
0	-0.010603
0	0.029507
0	0.31772
0	0.22351
0	0.078921
0	-0.079927
0	-0.079343
0	-0.25621
0	0.063753
0	-0.071541
0	0.41835
0	-0.0053562
0	0.52878
0	0.26045
0	0.084034
0	-0.036966
0	0.047763
0	-0.061767
0	-0.037922
0	0.048786
0	0.056316
0	0.073902
0	0.082559
0	-0.16694
0	0.072431
0	0.018565
0	-0.034044
0	-0.13346
0	0.013743
0	0.58075
0	-0.18137
0	-0.086442
0	0.12363
0	0.041692
0	0.29984
0	0.10885
0	0.16268
0	-0.043345
0	0.0037907
0	-0.089311
0	-0.10425
0	-0.13488
0	0.0079714
0	0.017455
0	0.11996
0	0.13295
0	-0.010312
0	-0.18811
0	0.125
0	0.048055
0	0.051802
0	0.054093
0	-0.071609
0	-0.016838
0	-0.019847
0	-0.043407
0	0.034864
0	0.074994
0	0.066529
0	0.036339
0	-0.041949
0	-0.041916
0	-0.023354
0	-0.057327
0	-0.013313
0	-0.0050448
0	0.0054893
0	0.14843
0	-0.026255
0	-0.078661
0	0.050069
0	0.070573
0	-0.048137
0	-0.012888
0	0.15541
0	0.11149
0	0.092956
0	-0.15609
0	0.07796
0	0.12696
0	-0.057641
0	-0.13967
0	0.0057113
0	0.093179
0	-0.079145
0	0.077983
0	-0.19702
0	0.11456
0	-0.00022068
0	0.47433
0	0.043856
0	-0.025352
0	-0.20456
0	-0.013219
0	-0.0083341
0	-0.045797
0	-0.020924
0	-0.22882
0	0.27456
0	-0.053398
0	0.18743
0	-0.031208
0	0.17225
0	-0.046355
0	0.071868
0	0.17515
0	-0.040989
0	0.37895
0	0.031205
0	0.53362
0	0.10548
0	0.097309
0	0.17983
0	0.032473
0	0.062861
0	-0.012104
0	0.027019
0	0.1462
0	0.0016874
0	-0.0084084
0	0.017627
0	-0.046749
0	0.30894
0	-0.086509
0	0.16633
0	0.1207
0	-0.018873
0	-0.1991
0	0.044697
0	0.01132
0	-0.0015102
0	-0.0064057
0	0.064541
0	0.14708
0	-0.0076744
0	0.032877
0	0.1295
0	0.050079
0	0.10361
0	-0.13022
0	-0.3649
0	0.40288
0	-0.25181
0	0.036184
0	0.0049827
0	0.020383
0	0.01744
0	-0.033525
0	0.22173
0	0.086679
0	0.023733
0	0.016603
0	0.13163
0	0.0035959
0	0.05216
0	0.091669
0	0.062106
0	0.048006
0	-0.084905
0	0.038901
0	0.15433
0	-0.12284
0	0.20186
0	-0.042058
0	-0.14643
0	-0.073034
0	0.15656
0	-0.049942
0	0.030109
0	0.0065996
0	0.036029
0	0.29922
0	-0.10035
0	0.22967
0	0.11697
0	-0.04598
0	0.121
0	-3.0062e-18
0	0.082708
0	-0.077775
0	0.072242
0	-0.047133
0	0.13144
0	0.10797
0	0.11222
0	0.42507
0	0.053759
0	0.065484
0	0.1052
0	0.19686
0	0.45486
0	-0.012672
0	0.049088
0	0.71603
0	-0.03865
0	-0.15872
0	0.036852
0	0.021394
0	7.8288e-06
0	-0.02072
0	-0.09601
0	-0.017706
0	-0.40284
0	0.084756
0	0.054779
0	-0.077341
0	-0.16653
0	0.074862
0	0.035937
0	0.23794
0	0.094
0	0.070008
0	0.26776
0	-0.027524
0	0.038487
0	0.043126
0	0.26022
0	0.081726
0	0.10175
0	0.11638
0	0.33013
0	0.081728
0	0.036272
0	-0.020539
0	0.089619
0	0.17309
0	-0.095885
0	-0.055955
0	-0.0034075
0	-0.026628
0	0.0041193
0	0.097656
0	0.16101
0	0.030753
0	0.052051
0	0.073298
0	-0.059625
0	0.089428
0	-0.10268
0	0.073528
0	0.1306
0	-0.016938
0	-0.014695
0	-0.0050431
0	0.0009772
0	0.15165
0	0.14175
0	-0.14681
0	0.0835
0	0.11994
0	0.071208
0	0.052681
0	-0.033219
0	0.076132
0	0.011985
0	-0.072291
0	0.17191
0	-0.09188
0	0.26309
0	-0.1007
0	0.0037387
0	0.061526
0	0.099298
0	0.09028
0	-0.049703
0	-0.15657
0	0.11033
0	0.050418
0	0.17617
0	0.08819
0	0.15011
0	0.023056
0	0.042752
0	-0.044259
0	0.061361
0	0.047123
0	-0.18398
0	0.18648
0	-0.079445
0	-0.10726
0	-0.17342
0	-0.050408
0	0.0059947
0	-0.12126
0	-0.12206
0	0.053877
0	-0.050569
0	-0.12591
0	0.032934
0	-0.015039
0	0.037027
0	-0.012465
0	-0.01338
0	0.068143
0	0.06959
0	0.053183
0	-0.069566
0	-0.13447
0	0.062248
0	0.16069
0	0.044546
0	0.089236
0	-0.0030914
0	-0.13258
0	-0.026094
0	0.091861
0	-0.046212
0	-0.093689
0	-0.046437
0	-0.091086
0	0.39586
0	0.037317
0	0.14037
0	-0.0027461
0	0.34395
0	0.024454
0	0.13431
0	-0.021094
0	0.15895
0	-0.24882
0	0.18342
0	-0.065754
0	0.12797
0	0.14998
0	0.12469
0	-0.031555
0	0.065149
0	-0.057385
0	-0.035252
0	-0.037011
0	-0.0066397
0	-0.30935
0	-0.01757
0	-0.064958
0	0.092122
0	-0.068344
0	0.011141
0	0.18237
0	-0.088963
0	0.11989
0	0.036351
0	-0.12253
0	-0.12176
0	-0.052012
0	0.0028265
0	0.07012
0	-0.00086011
0	0.077664
0	-0.003581
0	-0.10103
0	-0.32174
0	-0.00082154
0	0.032855
0	0.010997
0	-0.038228
0	0.090293
0	0.033308
0	0.051203
0	0.0026889
0	0.08084
0	0.040844
0	0.094759
0	0.004045
0	-0.014471
0	-0.044342
0	0.082185
0	-0.14489
0	-0.10466
0	-0.029249
0	-0.071385
0	-0.059541
0	-0.16849
0	0.00041989
0	0.27398
0	-0.040125
0	0.22976
0	0.038773
0	0.24932
0	0.15237
0	-0.15981
0	0.21827
0	0.055623
0	-0.022625
0	-0.29479
0	-0.0066309
0	0.070493
0	0.51767
0	0.037706
0	0.083606
0	-0.061604
0	0.22884
0	0.033513
0	0.14057
0	0.27957
0	0.035275
0	0.095173
0	-0.021047
0	-0.020548
0	0.32055
0	0.043434
0	-0.0083473
0	-0.069064
0	-0.23845
0	-0.022982
0	-0.11715
0	-0.1395
0	-0.075836
0	0.39457
0	-0.05157
0	0.11386
0	0.034024
0	-0.030541
0	0.082413
0	0.27015
0	0.11495
0	0.062966
0	0.044474
0	0.44327
0	0.11668
0	-0.051544
0	0.033034
0	-0.012547
0	0.070961
0	-0.022523
0	0.11526
0	0.0025237
0	-0.053268
0	0.16182
0	-0.031387
0	0.063311
0	0.01667
0	0.077619
0	-0.063774
0	0.042176
0	0.13819
0	0.15314
0	0.036457
0	0.037662
0	0.16227
0	0.32803
0	-0.10892
0	-0.043821
0	-0.016526
0	-0.037148
0	0.22308
0	-0.079906
0	0.0017192
0	-0.00014061
0	-0.040446
0	0.057298
0	0.117
0	0.11635
0	0.31004
0	-0.079933
0	-0.044885
0	0.061142
0	-0.081752
0	-0.015729
0	-0.040563
0	0.17183
0	-0.10053
0	0.13752
0	0.16172
0	0.34192
0	-0.038799
0	0.012863
0	0.027976
0	-0.041343
0	-0.014245
0	0.00033044
0	0.1346
0	0.070089
0	0.018036
0	0.24551
0	0.087422
0	0.12637
0	0.042355
0	-0.259
0	0.031947
0	0.031282
0	0.05612
0	0.30882
0	-0.074126
0	0.10238
0	0.011488
0	0.086677
0	0.39208
0	0.12411
0	-0.026143
0	0.12685
0	-0.073748
0	0.089227
0	0.11944
0	-0.27943
0	0.042094
0	0.18698
0	0.10588
0	0.1065
0	-0.088603
0	-0.15986
0	-0.012171
0	-0.034927
0	-0.094972
0	0.041122
0	0.05514
0	-0.070596
0	0.10996
0	0.05561
0	0.16291
0	-0.057164
0	0.23888
0	0.069628
0	0.11047
0	0.02964
0	0.018224
0	0.10109
0	-0.12081
0	-0.070942
0	-0.017014
0	-0.052905
0	0.072065
0	0.049257
0	-0.08942
0	0.32088
0	0.028597
0	-0.062478
0	0.10123
0	0.0079558
0	-0.10358
0	0.1265
0	0.057921
0	0.045098
0	0.022627
0	0.062683
0	0.25468
0	-0.10753
0	0.18007
0	0.015139
0	-0.082792
0	-0.049346
