1	0.58095
1	0.75939
1	0.34996
1	0.20452
1	0.11082
1	0.25447
1	0.33555
1	0.28559
1	0.59938
1	0.14311
1	0.015092
1	0.31204
1	0.14704
1	0.83547
1	0.48749
1	0.0089912
1	0.1136
1	0.096893
1	0.28161
1	0.29029
1	0.45325
1	0.080272
1	0.32357
1	0.027496
1	-0.056568
1	0.23881
1	0.17429
1	0.28053
1	0.093412
1	0.059602
1	0.1539
1	0.45531
1	0.32383
1	0.41238
1	0.31554
1	0.22674
1	-0.02611
1	0.075558
1	0.16714
1	0.084454
1	0.42935
1	0.29632
1	0.39554
1	0.42594
1	0.24454
1	0.51463
1	0.25736
1	0.5423
1	0.52865
1	0.036859
1	0.69888
1	0.26203
1	0.087493
1	0.084742
1	0.40754
1	0.23085
1	0.27004
1	0.62292
1	0.63192
1	0.38468
1	0.23823
1	0.17749
1	0.51075
1	0.69792
1	0.3393
1	0.083924
1	0.1973
1	0.30757
1	0.038943
1	0.18297
1	0.17966
1	0.23556
1	0.42695
1	0.10396
1	0.2831
1	-0.11294
1	0.42151
1	0.62282
1	0.54996
1	0.66249
1	0.4699
1	0.37857
1	0.1633
1	0.21117
1	0.27937
1	0.17419
1	0.37382
1	0.7246
1	0.27958
1	0.12827
1	0.24019
1	0.39827
1	0.13415
1	0.28673
1	0.65354
1	0.52688
1	0.024658
1	0.37007
1	0.19743
1	0.36346
1	0.24514
1	0.30228
1	0.072044
1	0.33305
1	0.23046
1	0.44245
1	0.23922
1	0.37566
1	0.19484
1	0.34451
1	0.30236
1	0.31704
1	0.39649
1	0.049214
1	0.7582
1	0.040182
1	0.4159
1	0.56329
1	-0.034981
1	0.56831
1	0.22509
1	0.18106
1	0.39718
1	0.1953
1	0.91947
1	0.92788
1	0.46211
1	0.6316
1	0.71877
1	0.45509
1	0.31345
1	0.37575
1	0.42281
1	0.13516
1	0.40913
1	0.099283
1	0.14377
1	0.42741
1	0.59796
1	0.4459
1	0.58619
1	0.45963
1	0.7966
1	0.14822
1	0.13545
1	0.25481
1	0.078896
1	-0.025133
1	0.097164
1	0.26531
1	0.74053
1	0.32457
1	-0.072698
1	0.34809
1	0.5467
1	0.34411
1	0.17426
1	0.43168
1	0.33483
1	0.69362
1	0.49913
1	0.24644
1	0.23504
1	-0.035493
1	-0.020569
1	0.1051
1	0.23961
1	0.52414
1	0.31586
1	0.52885
1	0.53862
1	0.64857
1	0.51034
1	0.21636
1	-0.011346
1	0.14757
1	1.0778
1	0.52631
1	0.45038
1	0.26735
1	0.66237
1	0.42587
1	0.45841
1	0.57043
1	-0.06999
1	0.47216
1	0.34173
1	0.25069
1	0.32283
1	0.54827
1	0.35422
1	0.42368
1	0.3231
1	-0.0029283
1	0.20899
1	0.58934
1	0.46343
1	0.32071
1	0.61489
1	0.27978
1	0.061098
1	0.29782
1	0.069161
1	0.44043
1	0.41659
1	0.39601
1	0.41954
1	0.24361
1	0.35253
1	0.32098
1	0.052558
1	0.32573
1	0.23275
1	0.18759
1	0.66055
1	0.50816
1	0.34753
1	0.56006
1	0.41275
1	0.22187
1	-0.017001
1	0.34289
1	0.033171
1	-0.075905
1	0.20782
1	0.11788
1	0.43
1	0.30945
1	0.46774
1	0.50845
1	0.39055
1	0.23672
1	0.31409
1	0.45604
1	0.47634
1	0.26514
1	0.3914
1	0.19519
1	0.48835
1	0.23399
1	0.14498
1	0.26501
1	0.19267
1	0.21847
1	0.32005
1	0.4273
1	0.29706
1	0.1374
1	0.52502
1	0.62154
1	0.5037
1	-0.076427
1	0.75094
1	0.28138
1	0.16108
1	0.69682
1	0.10421
1	0.77895
1	0.3575
1	0.70116
1	0.5608
1	-0.14477
1	0.47405
1	0.50702
1	0.32105
1	0.662
1	0.18467
1	0.2558
1	0.59281
1	0.13735
1	0.18049
1	0.31272
1	0.6183
1	0.5141
1	0.45251
1	0.30096
1	0.52356
1	0.31462
1	0.61803
1	0.6855
1	0.56386
1	0.3018
1	0.11838
1	0.29175
1	0.52475
1	0.24862
1	0.24743
1	0.11249
1	0.02739
1	0.28425
1	0.46053
1	0.17715
1	0.064745
1	0.59634
1	0.13081
1	0.16594
1	-0.0093982
1	0.20513
1	0.042106
1	0.26516
1	0.27533
1	0.22668
1	0.12658
1	0.78064
1	0.12117
1	0.17236
1	-0.15374
1	0.35657
1	0.11095
1	0.31982
1	0.93116
1	0.46068
1	0.070001
1	0.28472
1	0.2267
1	0.66837
1	0.096328
1	0.15774
1	0.44473
1	0.091833
1	0.41862
1	0.46947
1	0.28418
1	0.14778
1	0.43421
1	0.69776
1	-0.14721
1	0.90851
1	-0.026951
1	0.67242
1	0.33463
1	0.20258
1	0.14063
1	0.50329
1	0.044936
1	0.51097
1	0.23045
1	0.72138
1	0.40231
1	0.13706
1	0.50598
1	0.75564
1	0.46807
1	0.029832
1	0.74457
1	0.85093
1	-0.057276
1	0.70642
1	-0.19326
1	0.30854
1	0.045653
1	0.90273
1	0.11118
1	0.1328
1	0.78798
1	0.6001
1	0.75343
1	0.86485
1	0.10726
1	0.33004
1	0.48322
1	0.066603
1	0.46413
1	0.36493
1	0.36904
1	0.13005
1	0.35835
1	-0.037136
1	0.19986
1	0.34961
1	0.29764
1	0.62167
1	0.59487
1	0.23911
1	0.068332
1	0.70314
1	0.087059
1	0.42047
1	0.54264
1	0.17827
1	0.3742
1	0.43009
1	0.11738
1	-0.066552
1	0.16756
1	0.38657
1	0.29175
1	0.21934
1	0.26063
1	0.39622
1	0.15338
1	-0.14981
1	-0.10937
1	0.23755
1	0.017782
1	0.32695
1	0.33564
1	0.59868
1	0.20129
1	0.57972
1	0.64938
1	0.5044
1	0.62125
1	0.16227
1	-0.10908
1	0.13518
1	-0.059655
1	-0.024208
1	-0.038667
1	0.22987
1	0.13295
1	-0.1072
1	0.097688
1	0.089084
1	0.13214
1	0.2401
1	0.42674
1	0.57528
1	0.5411
1	0.26657
1	0.47919
1	0.34761
1	0.44045
1	0.33924
1	0.10467
1	0.16633
1	0.027049
1	0.4441
1	0.20354
1	0.3331
1	-0.065898
1	-0.017362
1	0.12279
1	0.24264
1	0.11462
1	0.56743
1	-0.0038796
1	0.27225
1	0.41031
1	0.4698
1	0.3611
1	0.35805
1	0.40097
1	0.32212
1	0.36376
1	0.48962
1	0.58011
1	0.20324
1	0.29245
1	0.33712
1	-0.058867
1	0.39951
1	0.86942
1	0.50339
1	0.13118
1	0.27677
1	0.11117
1	0.34718
1	0.71112
1	0.43366
1	0.56723
1	0.5834
1	0.75583
1	-0.26217
1	0.647
1	0.13976
1	0.77679
1	0.36041
1	0.5988
1	0.24556
1	0.085814
1	0.45888
1	0.27932
1	0.12513
1	0.56518
1	0.66971
1	0.79272
1	0.35345
1	0.5114
1	0.66942
1	0.47595
1	0.18262
1	0.22456
1	0.30916
1	0.53718
1	0.50596
1	0.15552
1	0.096706
1	0.46402
1	0.6325
1	0.26276
1	0.75421
1	0.15119
1	0.5048
1	0.76883
1	0.35847
1	-0.052672
1	0.33167
1	0.25909
1	0.31204
1	0.23044
1	0.37676
1	0.1418
1	0.13007
1	-0.037812
1	0.3437
1	0.71944
1	0.45348
1	0.27091
1	0.15319
1	0.197
1	-0.08711
1	0.85004
1	0.4271
1	0.47041
1	0.31155
1	0.36763
1	0.42441
1	0.50456
1	0.56537
1	0.67529
1	0.36377
1	0.96808
1	0.82278
1	0.71063
1	0.90768
1	0.56791
1	0.86191
1	0.47056
1	0.84818
1	0.52155
1	0.46334
1	0.36025
1	0.43657
1	0.55731
1	0.54123
1	0.37181
1	0.18815
1	0.032219
1	0.61867
1	0.5425
1	0.21429
1	0.40424
1	0.11804
1	0.40285
1	0.35277
1	0.16726
1	0.3068
1	0.32123
1	0.18918
1	0.33275
1	0.1658
1	0.39501
1	0.39069
1	0.46771
1	0.557
1	0.56397
1	0.68422
1	0.46523
1	0.51692
1	0.14042
1	0.71225
1	0.71031
1	0.51193
1	0.44344
1	0.29612
1	0.40026
1	0.6927
1	0.41542
1	0.79011
1	0.46107
1	0.41308
1	0.41943
1	0.4177
1	0.1209
1	0.11858
1	0.20117
1	0.07966
1	0.20277
1	0.30189
1	0.35013
1	0.44823
1	0.34754
1	0.19346
1	0.46824
1	0.30482
1	0.25016
1	0.48215
1	0.1148
1	0.43624
1	0.27146
1	0.1031
1	0.12568
1	0.23202
1	0.33293
1	0.70753
1	0.45607
1	0.5461
1	0.32069
1	0.69511
1	-0.016482
1	0.046416
1	0.19089
1	0.41893
1	0.66433
1	0.64545
1	0.4718
1	0.20223
1	0.096429
1	-0.09228
1	0.30346
1	0.35321
1	-0.07224
1	0.1888
1	0.10102
1	-0.0058829
1	-0.096765
1	0.0047622
1	0.24447
1	0.00045176
1	0.080866
1	0.43878
1	0.098034
1	0.30544
1	0.20829
1	0.17137
1	0.33536
1	0.16564
1	0.16179
1	0.45727
1	0.21206
1	0.16173
1	0.28608
1	-0.004588
1	0.1967
1	0.13698
1	0.095575
1	0.19298
1	0.092864
1	0.25295
1	-0.033227
1	0.29064
1	0.46737
1	0.38937
1	0.40663
1	0.16303
1	0.19847
1	0.29564
1	0.02987
1	0.2228
1	0.23314
1	0.23484
1	0.2028
1	0.18742
1	0.22956
1	0.28213
1	0.41454
1	0.82117
1	0.50856
1	0.59371
1	0.47466
1	0.52411
1	0.83489
1	0.77927
1	0.56976
1	0.60607
1	0.7569
1	0.31886
1	0.74063
1	0.52507
1	0.27547
1	0.55316
1	0.022201
1	0.0057967
1	0.48866
1	0.28863
1	0.58561
1	0.24705
1	0.23826
1	0.40928
1	0.46479
1	0.12201
1	0.42087
1	0.24221
1	0.39566
1	0.50946
1	-0.1756
1	0.54208
1	0.3784
1	0.21375
1	-0.0081783
1	0.72968
1	0.76885
1	0.36773
1	0.3749
1	0.16716
1	-0.097166
1	0.21204
1	0.065847
1	0.58133
1	0.96115
1	0.37231
1	0.49175
1	0.71964
1	0.22676
1	0.34384
1	0.64454
1	0.31254
1	0.41114
1	0.22237
1	0.093094
1	0.33512
1	0.35199
1	0.17561
1	0.49411
1	0.27628
1	0.59388
1	0.22854
1	-0.097889
1	0.43714
1	0.45354
1	0.39762
1	0.4
1	0.61744
1	0.51486
1	0.53726
1	0.04693
1	0.44195
1	0.10289
1	0.38768
1	0.4338
1	0.37825
1	0.20319
1	0.15737
1	0.49794
1	0.36091
1	0.50083
1	0.15178
1	0.26729
1	0.096585
1	0.19806
1	0.24082
1	0.20835
1	0.32985
1	0.53554
1	0.14686
1	0.31875
1	0.097106
1	0.050675
1	0.40176
1	0.37877
1	0.28651
1	0.23106
1	0.29134
1	0.81621
1	0.74144
1	0.27912
1	0.33407
1	0.14305
1	0.22989
1	0.22598
1	0.34388
1	0.11489
1	0.33668
1	0.26722
1	0.40752
1	0.426
1	0.059729
1	0.52584
1	0.40329
1	0.037851
1	0.41924
1	0.173
1	0.34426
1	0.15603
1	0.063836
1	0.11415
1	0.080164
1	0.49625
1	0.28518
1	0.28887
1	0.10841
1	0.47082
1	0.39018
1	0.13173
1	0.17092
1	0.24719
1	0.25105
1	0.54434
1	0.10901
1	0.21871
1	-0.064947
1	0.526
1	0.18488
1	0.28681
1	0.056339
1	0.09251
1	0.34564
1	0.38429
1	0.43924
1	0.13703
1	0.15638
1	0.37933
1	0.13487
1	0.17635
1	0.16479
1	0.19327
1	0.040902
1	0.34502
1	0.3462
1	0.21031
1	0.25804
1	0.62615
1	0.099543
1	-0.22052
1	0.45656
1	0.37557
1	0.13596
1	0.30303
1	0.10134
1	0.35395
1	0.046266
1	0.75262
1	0.16037
1	0.6597
1	0.026527
1	0.20737
1	0.10013
1	0.37057
1	0.20964
1	0.3823
1	0.4061
1	0.24308
1	0.085826
1	0.0025905
1	0.19132
1	0.51559
1	0.0042271
1	0.26208
1	0.20485
1	0.040828
1	0.29109
1	0.3059
1	-0.00047918
1	0.31922
1	0.34438
1	0.19488
1	0.19256
1	0.27184
1	0.09255
1	0.37292
1	0.63101
1	0.25354
1	0.32094
1	0.14035
1	0.38436
1	0.37668
1	-0.12644
1	0.37121
1	0.34506
1	0.25019
1	0.096814
1	0.49096
1	0.42886
1	0.63097
1	0.27743
1	0.77853
1	0.14353
1	0.40991
1	0.044064
1	0.22779
1	0.12055
1	0.26158
1	0.015406
1	0.13706
1	0.78528
1	0.65164
1	0.34089
1	0.52884
1	0.71647
1	0.43124
1	0.36613
1	0.40206
1	0.54804
1	0.30589
1	0.053844
1	0.19022
1	0.38523
1	0.58081
1	0.45069
1	0.36529
1	0.79618
1	0.78213
1	0.65556
1	0.80714
1	0.24354
1	0.34274
1	0.79215
1	0.19286
1	0.39725
1	0.70044
1	0.31599
1	0.44665
1	0.68509
1	0.089771
1	0.53192
1	0.35907
1	0.29575
1	0.2926
1	0.10101
1	0.23706
1	0.08011
1	0.41092
1	0.22761
1	-0.028763
1	0.46047
1	0.22008
1	-0.02608
1	0.069855
1	0.17491
1	0.10015
1	0.27136
1	0.075599
1	0.39951
1	0.56591
1	0.35424
1	0.8488
1	0.35717
1	0.44481
1	0.33091
1	0.55209
1	0.78007
1	0.44767
1	0.22085
1	0.20967
1	0.096136
1	0.47367
1	0.0082058
1	0.026792
1	0.43056
1	0.089237
1	0.24852
1	0.30614
1	0.4767
1	0.26815
1	0.21266
1	0.45946
1	0.43781
1	0.46959
1	0.87174
1	0.53972
1	0.62691
1	0.31416
1	0.31689
1	0.63318
1	0.53289
1	0.18671
1	0.27018
1	0.091625
1	0.23102
1	0.34595
1	0.27863
1	0.27885
1	0.50394
1	0.41281
1	0.34928
1	-0.0015938
1	0.81899
1	0.91059
1	0.44683
1	0.14309
1	0.083325
1	0.69335
1	0.20162
1	0.12221
1	0.077162
1	0.71603
1	0.3497
1	0.33674
1	0.39114
1	0.36867
1	0.068885
1	0.18334
1	0.55005
1	0.45859
1	0.32252
1	0.74298
1	0.35186
1	0.39883
1	0.30803
1	0.47195
1	0.15029
1	0.35501
1	-0.0065977
1	0.32022
1	0.15066
1	0.10248
1	0.19246
1	0.13282
1	0.091354
1	0.2782
1	0.15027
1	0.15838
1	0.50969
1	0.26807
1	0.36378
1	0.36789
1	0.24171
1	0.032653
1	0.054786
1	0.37349
1	0.54357
1	0.19205
1	0.16714
1	0.59148
1	0.51333
1	0.31948
1	0.37699
1	0.30634
1	0.20517
1	0.12727
1	0.43289
1	0.31322
1	0.22784
1	0.5126
1	0.54503
1	0.29914
1	0.50357
1	0.39926
1	0.27305
1	0.27575
1	0.67846
1	0.75414
1	0.92547
1	0.2932
1	0.75248
1	0.84462
1	0.48062
1	0.086597
1	0.12676
1	0.40053
1	0.82387
1	0.19107
1	0.60195
1	0.20521
1	0.66053
1	0.35097
1	0.49998
1	-0.311
1	0.41834
1	0.79201
1	0.55066
1	0.88726
1	0.6454
1	0.58525
1	0.50322
1	0.2541
1	0.47778
1	0.10896
1	0.10309
1	0.3462
1	0.16437
1	0.31467
1	0.51153
1	0.59099
1	0.52836
1	0.63518
1	0.60756
1	0.1932
1	0.35525
1	0.1273
1	0.21348
1	0.6864
1	0.56342
1	0.41262
1	0.093911
1	0.12995
1	-0.10898
1	0.19436
1	0.29976
1	0.12311
1	0.50479
1	0.15968
1	0.56305
1	0.43794
1	-0.039986
1	0.12086
1	0.29257
1	0.021637
1	0.2957
1	0.35072
1	-0.09598
1	0.16495
1	0.16347
1	0.3774
1	0.090894
1	0.21482
1	0.17641
1	-1.0189e-05
1	0.11926
1	0.12868
1	0.17268
1	0.2243
1	0.24318
1	0.19998
1	0.37224
1	0.11514
1	0.24508
1	0.40085
1	0.24975
1	0.12776
1	0.1435
1	0.43656
1	0.47367
1	0.80192
1	0.24127
1	0.44997
1	0.21682
1	0.29595
1	0.34198
1	0.046686
1	0.33518
1	0.30833
1	0.40807
1	0.22514
1	0.31226
1	0.42702
1	0.51628
1	0.69606
1	0.22594
1	0.50048
1	0.53388
1	0.25132
1	0.13863
1	0.069366
1	0.17484
1	0.33375
1	0.1724
1	0.26697
1	0.13274
1	-0.011529
1	0.079693
1	0.066804
1	0.73778
1	0.28243
1	0.17936
1	0.5301
1	0.54986
1	0.45583
1	0.27798
1	0.44739
1	0.48024
1	0.10553
1	0.35219
1	0.5072
1	0.427
1	0.28846
1	0.097114
1	0.33836
1	0.11886
1	0.60431
1	0.094071
1	0.53388
1	0.17144
1	-0.025759
1	0.42303
1	0.58847
1	0.46065
1	0.60912
1	0.42092
1	0.19012
1	-0.093755
1	0.04309
1	0.041412
1	0.026836
1	0.17543
1	0.25091
1	0.39425
1	0.10146
1	0.35557
1	0.2579
1	0.0083703
1	0.36715
1	0.11002
1	0.25764
1	0.47208
1	0.6816
1	0.33218
1	0.07654
1	0.58696
1	0.10634
1	0.36261
1	-0.05983
1	0.51443
1	0.28437
1	0.45063
1	0.21842
1	0.24396
1	0.37245
1	0.30011
1	0.27478
1	0.32803
1	0.11998
1	0.45135
1	-0.088192
1	0.22126
1	-0.14814
1	0.18042
1	0.1039
1	0.44841
1	0.2727
1	0.33212
1	0.18903
1	0.56765
1	0.23317
1	0.72257
1	0.57495
1	0.72573
1	0.15037
1	0.26291
1	0.040284
1	0.10281
1	0.19681
1	0.21483
1	0.079534
1	0.025029
1	0.19615
1	0.52431
1	0.2629
1	0.65421
1	0.69117
1	0.41473
1	0.21733
1	0.54687
1	0.64514
1	0.5072
1	-0.021258
1	0.26657
1	-0.014151
1	0.11402
1	0.40564
1	0.40484
1	0.27849
1	0.33794
1	0.24583
1	0.37216
1	0.31602
1	0.2641
1	0.49055
1	0.44394
1	0.2256
1	0.55388
1	0.56663
1	0.57797
1	0.24367
1	0.29787
1	0.2168
1	0.16815
1	0.21897
1	0.074964
1	0.50583
1	0.094239
1	0.052843
1	0.032631
1	0.26265
1	0.3005
1	0.2133
1	0.43919
1	0.3518
1	0.36171
1	-0.013949
1	0.16812
1	0.55994
1	0.31889
1	0.15736
1	0.086743
1	0.60078
1	0.36206
1	0.34835
1	0.39601
1	0.43782
1	0.10735
1	0.46655
1	0.16959
1	0.035614
1	-0.12724
1	0.57834
1	0.43478
1	0.45054
1	-0.012453
1	0.14817
1	0.17876
1	-0.11171
1	0.23368
1	0.48448
1	0.15237
1	0.38585
1	0.07416
1	0.27555
1	0.19792
1	0.17925
1	0.42418
1	0.42282
1	0.21898
1	0.18572
1	0.20737
1	0.21028
1	0.020592
1	0.35924
1	0.46911
1	0.39534
1	0.035613
1	0.23052
1	0.18327
1	0.45118
1	0.1284
1	0.46573
1	0.18494
1	0.44403
1	0.40723
1	0.26894
1	0.12681
1	0.36786
1	0.46432
1	0.43242
1	0.14243
1	0.12414
1	0.2366
1	0.40002
1	0.10048
1	0.22028
1	0.25359
1	0.072441
1	0.23606
1	0.57395
1	-0.064991
1	0.031611
1	0.10475
1	0.38722
1	0.19125
1	0.094018
1	0.078052
1	0.50299
1	0.26094
1	0.21329
1	0.50322
1	-0.049234
1	0.66078
1	0.69678
1	0.31389
1	0.20033
1	0.21985
1	0.28217
1	-0.032294
1	-0.033452
1	0.11148
1	0.17403
1	-0.070111
1	0.062364
1	-0.011184
1	-0.23472
1	-0.02646
1	0.047788
1	0.31384
1	0.24167
1	0.059712
1	0.023103
1	0.10267
1	0.021436
1	0.12711
1	0.20334
1	0.32173
1	0.20398
1	0.2748
1	0.1678
1	0.15153
1	-0.051979
1	0.020316
1	0.13154
1	-0.099673
1	0.12581
1	0.14603
1	0.48249
1	0.48567
1	0.035505
1	0.14145
1	0.35372
1	0.2364
1	0.19863
1	0.18705
1	0.072938
1	0.33071
1	0.32158
1	0.30917
1	0.096233
1	-0.036259
1	0.018341
1	-0.0054562
1	0.058881
1	-0.076961
1	0.54
1	0.5523
1	0.37745
1	0.11485
1	0.10428
1	0.53816
1	0.68284
1	0.70797
1	0.31916
1	0.27218
1	0.18248
1	0.39121
1	0.44527
1	0.20604
1	0.010865
1	0.24993
1	0.74451
1	0.23832
1	0.18939
1	0.6763
1	-0.0049977
1	0.10626
1	0.097733
1	0.11369
1	0.1226
1	0.0099257
1	0.1494
1	0.19784
1	0.25546
1	0.29097
1	0.17028
1	-0.01594
1	0.18306
1	0.086777
1	-0.051961
1	0.28662
1	0.11665
1	0.1499
1	0.071312
1	0.24759
1	0.39272
1	0.12749
1	0.10633
1	0.18816
1	0.41835
1	0.20974
1	0.14651
1	0.028802
1	0.32961
1	0.21217
1	0.38253
1	0.19614
1	0.08323
1	0.099784
1	0.061032
1	0.12009
1	0.514
1	0.30965
1	0.49404
1	0.31968
1	0.12211
1	0.27588
1	0.10153
1	0.28987
1	0.29176
1	0.14396
1	0.03979
1	0.11483
1	0.47972
1	0.21852
1	0.4563
1	0.38408
1	0.54475
1	0.25215
1	0.4717
1	0.12053
1	0.11862
1	0.37231
1	0.26234
1	-0.0055852
1	0.19964
1	0.48313
1	0.78833
1	1.0012
1	0.1518
1	0.33046
1	0.1615
1	0.74306
1	0.36793
1	0.20592
1	-0.0026444
1	0.55953
1	0.23754
1	0.13075
1	0.4257
1	0.11869
1	0.16518
1	-0.024221
1	0.79908
1	0.12321
1	0.2995
1	0.39634
1	0.46601
1	0.37568
1	0.5857
1	0.10704
1	0.1663
1	0.47205
1	0.13366
1	0.086781
1	0.088801
1	0.47267
1	0.40861
1	0.41868
1	0.31303
1	0.22667
1	0.39629
1	0.55598
1	0.40204
1	0.24645
1	0.064199
1	0.68347
1	0.2484
1	0.61005
1	0.64886
1	0.15912
1	0.4855
1	0.6051
1	0.53141
1	0.56247
1	0.10411
1	0.15085
1	0.71133
1	0.44473
1	0.43794
1	0.21824
1	0.42773
1	0.079503
1	0.058371
1	0.17058
1	0.47442
1	0.15623
1	0.28539
1	0.50405
1	0.15728
1	0.51071
1	0.36303
1	0.21054
1	0.18287
1	0.098999
1	0.15877
1	0.01887
1	0.047283
1	0.32865
1	0.060358
1	0.64866
1	0.068949
1	0.32428
1	0.60102
1	0.31939
1	0.16479
1	0.29189
1	0.31995
1	0.29393
1	0.66653
1	-0.010007
1	0.2545
1	0.63722
1	0.58789
1	0.098163
1	0.24571
1	0.15564
1	0.45452
1	0.12747
1	0.33575
1	0.22479
1	0.39363
1	0.52335
1	0.68565
1	0.059763
1	-0.02267
1	-0.018966
1	-0.020088
1	-0.0060432
1	-0.13108
1	0.26796
1	0.42003
1	0.34176
1	0.018421
1	0.23751
1	0.36907
1	0.5181
1	0.35977
1	0.14996
1	0.18667
1	0.35791
1	0.19382
1	0.22034
1	0.067535
1	0.31555
1	0.28304
1	0.50518
1	0.2463
1	0.62133
1	0.43086
1	0.072309
1	0.28862
1	0.081419
1	0.11815
1	0.33389
1	0.25069
1	0.2733
1	0.26948
1	0.17175
1	0.082108
1	0.061521
1	0.0022121
1	0.11018
1	0.11528
1	0.27637
1	0.076692
1	0.030883
1	-0.052464
1	0.091924
1	0.14452
1	0.2151
1	0.10322
1	-0.15117
1	-0.018936
1	0.17844
1	0.046612
1	0.0061501
1	-0.035241
1	0.29527
1	0.22756
1	0.73286
1	0.095002
1	0.24443
1	0.27401
1	0.1924
1	0.0072857
1	0.030362
1	0.20437
1	0.19982
1	0.14935
1	0.32073
1	-0.10912
1	0.16243
1	-0.12861
1	-0.12816
1	0.18386
1	-0.064863
1	0.042955
1	0.086545
1	0.43609
1	0.56837
1	0.2723
1	0.38546
1	0.22833
1	0.028847
1	0.3326
1	0.13613
1	0.12215
1	0.076011
1	0.14072
1	0.10268
1	0.1094
1	-0.050347
1	0.072834
1	0.50807
1	0.33377
1	0.15355
1	0.094647
1	0.16653
1	0.2688
1	0.12209
1	0.12638
1	0.28208
1	0.1488
1	0.09313
1	0.14505
1	0.27705
1	0.13401
1	0.097604
1	-0.057416
1	0.078026
1	0.16415
1	0.15289
1	0.12968
1	0.12931
1	0.32919
1	0.43424
1	0.66582
1	0.13993
1	-0.16478
1	0.17707
1	0.2917
1	-0.10922
1	0.10276
1	0.12252
1	0.28506
1	0.070052
1	0.0085834
1	-0.020346
1	0.10508
1	0.13909
1	0.086862
1	0.033119
1	0.3101
1	0.13797
1	0.22908
1	0.017389
1	0.17772
1	0.075917
1	0.079592
1	0.01367
1	0.059576
1	-0.077222
1	0.030707
1	0.26812
1	0.22733
1	-0.02118
1	0.26978
1	0.19224
1	-0.01593
1	0.11676
1	0.10095
1	-0.036524
1	-0.025619
1	-0.031449
1	-0.022894
1	-0.02633
1	0.0034827
1	-0.021867
1	-0.043804
1	0.27747
1	0.13903
1	0.22911
1	0.17466
1	-0.011191
1	0.17446
1	-0.13841
1	0.052398
1	0.33252
1	0.020348
1	0.018484
1	0.13563
1	0.060755
1	0.25236
1	0.0054478
1	0.17677
1	-0.012899
1	0.098234
1	0.030218
1	0.11199
1	-0.029962
1	-0.056216
1	0.26454
1	0.1757
1	-0.11815
1	0.2206
1	0.023456
1	-0.0079236
1	-0.014936
1	0.08167
1	-0.12381
1	0.058379
1	-0.058777
1	0.15725
1	0.08194
1	0.1287
1	0.18429
1	0.16667
1	-0.0058867
1	0.24423
1	0.21265
1	0.18677
1	-0.0097167
1	0.013938
1	0.23066
1	0.065286
1	0.19108
1	-0.024007
1	0.23582
1	0.17653
1	0.22559
1	0.059189
1	0.014142
1	0.041111
1	0.15191
1	0.27362
1	0.18326
1	0.15401
1	0.21834
1	0.21231
1	0.27667
1	0.14808
1	0.15615
1	0.080954
1	0.21994
1	0.038664
1	0.41847
1	0.17786
1	0.27149
1	0.084144
1	0.068393
1	0.15981
1	0.014418
1	0.17624
1	-0.011302
1	-0.072269
1	0.25622
1	0.086181
1	0.17352
1	0.17454
1	0.0034043
1	0.15272
1	-0.08805
1	0.0032147
1	-0.022178
1	0.19007
1	-2.0437e-18
1	1.2561e-18
1	0.1226
1	0.11771
1	0.17436
1	0.079257
1	0.040516
1	0.037105
1	0.20862
1	0.052303
1	0.16946
1	-1.4874e-18
1	-3.1629e-18
1	4.1525e-18
1	0.00025232
1	0.31151
1	0.10264
1	0.17519
1	0.050744
1	0.032274
0	0.040348
0	0.056837
0	0.048538
0	-0.045808
0	0.020146
0	-0.11941
0	0.12557
0	0.32603
0	0.068145
0	-0.058352
0	0.066641
0	-0.045031
0	0.14004
0	0.0025248
0	0.020708
0	-0.031251
0	-0.20229
0	-0.080807
0	0.050026
0	-0.1145
0	-0.049909
0	0.0016864
0	0.14917
0	0.17459
0	-0.064132
0	0.105
0	0.076893
0	0.41861
0	0.1068
0	-0.00085633
0	-0.037178
0	-0.0041498
0	-0.059521
0	0.14078
0	0.064464
0	0.029283
0	-0.010686
0	-0.10352
0	0.042577
0	0.022008
0	0.2754
0	-0.10938
0	-0.095234
0	0.16019
0	0.035698
0	0.0034179
0	0.1588
0	0.13102
0	0.024362
0	0.042862
0	-0.027326
0	0.025102
0	0.18136
0	0.01275
0	0.062725
0	0.11708
0	0.20388
0	-0.0095945
0	0.087825
0	0.26634
0	0.11901
0	0.14388
0	0.12255
0	-0.0071238
0	0.013779
0	0.26754
0	-0.050164
0	0.033214
0	0.42095
0	-0.24467
0	0.0077136
0	-0.01085
0	0.024608
0	-0.0016848
0	0.0098984
0	0.16835
0	-0.050072
0	0.054904
0	0.15513
0	0.10853
0	-0.032178
0	0.20243
0	0.04362
0	-0.019185
0	-0.047021
0	-0.015527
0	0.3278
0	0.068974
0	-0.21954
0	0.042605
0	-0.046939
0	0.16848
0	0.32741
0	0.061966
0	0.053847
0	0.3384
0	-0.024139
0	-0.077007
0	-0.049769
0	-0.067166
0	-0.088435
0	-0.058864
0	0.17697
0	0.093058
0	-0.014055
0	-0.12835
0	0.026104
0	0.24682
0	0.0065048
0	0.076397
0	0.23586
0	0.03618
0	0.068365
0	-0.053214
0	0.15202
0	0.020769
0	0.10129
0	0.13111
0	0.13148
0	0.22621
0	0.25773
0	0.00014666
0	-0.067826
0	0
0	-0.1224
0	0.026712
0	0.25342
0	-0.22651
0	0.42982
0	-0.037745
0	0.12934
0	-0.019492
0	0.034528
0	-0.18556
0	0.11766
0	0.41251
0	0.18835
0	0.058567
0	0.16854
0	0.10308
0	-0.0030747
0	0.02354
0	0.0089305
0	0.27262
0	0.14369
0	-0.032989
0	0.0030939
0	0.14371
0	-0.22431
0	-0.051724
0	0.52536
0	-0.088392
0	-0.010628
0	-0.025511
0	0.13029
0	0.018437
0	0.0093081
0	-0.00621
0	-0.02746
0	0.32666
0	0.22073
0	0.089313
0	0.0013856
0	-0.042113
0	0.025775
0	0.090503
0	0.10825
0	-0.062308
0	0.065152
0	0.27831
0	0.36224
0	0.071869
0	9.9681e-05
0	-0.43932
0	-0.0099713
0	-0.071889
0	0.097127
0	-0.10161
0	0.052192
0	0.0018889
0	0.051288
0	-0.05581
0	0.188
0	-0.032173
0	-0.097221
0	0.024849
0	0.14706
0	0.16175
0	-0.15162
0	-0.010767
0	0.13792
0	-0.16964
0	0.13948
0	-0.013406
0	-0.0020572
0	-0.020855
0	0.02567
0	-0.009775
0	0.24912
0	0.075277
0	-0.0069636
0	0.02118
0	0.12584
0	-0.029978
0	0.28607
0	-0.077557
0	0.0085039
0	-0.084466
0	-0.10532
0	-0.094311
0	0.15881
0	0.001175
0	0.092353
0	-0.17164
0	-0.044072
0	-0.02114
0	0.13525
0	0.28229
0	-0.076382
0	-0.11
0	0.047769
0	-0.14056
0	0.021131
0	0.14088
0	0.34852
0	0.30231
0	-0.018884
0	0.24042
0	0.053419
0	0.13516
0	-0.024554
0	-0.16036
0	0.10806
0	-0.055973
0	0.023051
0	0.43757
0	0.018428
0	-0.03698
0	-0.077331
0	-0.034307
0	0.085653
0	0.10345
0	0.079187
0	0.053463
0	0.23466
0	0.22987
0	0.019417
0	0.073762
0	0.057937
0	0.18592
0	-0.040225
0	0.26452
0	0.17248
0	0.28325
0	0.33471
0	0.059863
0	0.013811
0	-0.078645
0	0.11673
0	-0.029107
0	0.010069
0	0.053808
0	0.031336
0	0.050525
0	-0.058214
0	-0.015971
0	0.016056
0	0.1243
0	0.11716
0	-0.0042276
0	0.069434
0	0.037083
0	0.13026
0	0.053946
0	-0.094627
0	0.16886
0	0.23287
0	0
0	0.23283
0	0.025081
0	-0.048771
0	0.27246
0	-0.077817
0	0.062499
0	0.13648
0	0.094823
0	-0.19206
0	-0.22927
0	0.34973
0	-0.032473
0	0.051623
0	0.49359
0	-0.10079
0	0.047141
0	-0.10481
0	0.064699
0	0.046755
0	0.26437
0	0.061778
0	-0.013015
0	0.22578
0	-0.010387
0	0.00031073
0	-0.030167
0	-0.015539
0	-0.028494
0	-0.0069154
0	-0.11501
0	0.074408
0	-0.11956
0	0.36084
0	0.16545
0	0.023177
0	0.13425
0	0.10358
0	-0.015951
0	-0.010842
0	0.058082
0	-0.052038
0	-0.088193
0	0.023731
0	0.054666
0	-0.13886
0	0.038015
0	0.1742
0	0.067292
0	0.086336
0	0.28198
0	0.0093814
0	-0.2089
0	0.029539
0	-0.016608
0	-0.078004
0	0.02095
0	0.11993
0	0.43618
0	0.39993
0	0.11643
0	0.029571
0	0.10965
0	0.086661
0	0.31534
0	0.091372
0	0.019292
0	0.0067046
0	-0.13636
0	-0.06041
0	-0.088447
0	0.090645
0	0.068792
0	0.43479
0	0.082862
0	0.25587
0	-0.10961
0	0.1007
0	0.060619
0	0.082762
0	0.23779
0	0.084938
0	0.045344
0	0.23756
0	0
0	-0.077473
0	0.080951
0	0.075269
0	0.034978
0	-0.14392
0	0.38127
0	-0.014738
0	0.012522
0	-0.13928
0	0.086407
0	0.27004
0	0.10539
0	-0.12074
0	0.16425
0	-0.084424
0	0.12663
0	0.082465
0	-0.0012364
0	0.038458
0	-3.4013e-18
0	0.18932
0	-0.15966
0	0.046108
0	-0.045047
0	0.11749
0	0.069677
0	0.013516
0	0.0091698
0	-0.00075202
0	0.065651
0	0.030887
0	0.074736
0	0.14691
0	0.024474
0	-0.27828
0	0.057331
0	-0.14724
0	-0.088434
0	-0.1415
0	0.082928
0	-0.0054996
0	0.22342
0	0.15574
0	0.053579
0	0.096277
0	0.023545
0	-0.07418
0	0.016766
0	-0.099778
0	0.34427
0	-0.28818
0	0.12326
0	0.06289
0	-0.17456
0	0.089768
0	0.099276
0	-0.043303
0	-0.21317
0	0.27297
0	0.11858
0	0.12973
0	0.10542
0	-0.020462
0	0.28447
0	-0.11567
0	0.060385
0	-0.097619
0	-0.081864
0	0.30045
0	0.21254
0	0.1044
0	-0.13154
0	0.10615
0	0.050569
0	0.017181
0	-0.19733
0	0.035664
0	0.14441
0	0.11307
0	0.29681
0	0.0041273
0	0.27833
0	0.26264
0	0.34054
0	0.07283
0	-0.0064793
0	0.031079
0	-0.1012
0	-0.030665
0	0.035199
0	-0.018697
0	0.0059316
0	-0.007079
0	-0.00020751
0	-0.10456
0	0.24631
0	-0.041511
0	-0.40626
0	0.05063
0	0.0014956
0	0.35928
0	0.064657
0	0.28196
0	0.032852
0	-0.0019451
0	-0.12739
0	0.13046
0	0.13546
0	0.14612
0	-0.076479
0	0.041833
0	-0.16425
0	0.075727
0	0.094605
0	0.076208
0	0.015467
0	0.071572
0	0.1621
0	0.1555
0	0.056757
0	-0.065456
0	0.0063984
0	0.27997
0	-0.0087139
0	-0.020393
0	-0.00047826
0	-0.050572
0	0.38011
0	0.016816
0	0.024102
0	0.11525
0	0.031738
0	0.13425
0	-0.22465
0	0.092994
0	-0.052491
0	-0.021609
0	0.13208
0	0.069338
0	0.018769
0	0.58279
0	0.070024
0	0.089339
0	0.0034604
0	0.033476
0	-0.042981
0	-0.038002
0	0.016103
0	0.039376
0	-0.15134
0	-0.16505
0	0.019919
0	0.01719
0	0.10199
0	-0.0043052
0	0.012744
0	0.51907
0	0.069112
0	0.084748
0	0.12247
0	0.025116
0	-0.043655
0	-0.083451
0	0.26175
0	0.085047
0	-0.095928
0	0.052885
0	-0.27686
0	0.20685
0	0.29821
0	-0.11641
0	0.0065429
0	0.0083528
0	0.11627
0	-0.060558
0	0.23178
0	0.27678
0	0.29828
0	0.059482
0	0.18996
0	-3.7148e-18
0	-0.10616
0	0.10048
0	0.2182
0	-0.091324
0	0.031118
0	0.14883
0	0.038522
0	0.099167
0	0.050856
0	-0.034457
0	0.21813
0	0.35622
0	0.042833
0	-0.016792
0	0.099091
0	0.23689
0	0.00059496
0	-0.034304
0	-0.058025
0	-0.035855
0	0.18859
0	-0.067087
0	0.067874
0	0.049041
0	-0.059132
0	0.18175
0	0.0059628
0	0.077584
0	0.29215
0	0.072588
0	-0.13629
0	0.0080764
0	0.0058506
0	0.038517
0	0.060144
0	0.074118
0	0.08477
0	-0.032938
0	0.0016978
0	-0.033089
0	0.10973
0	0.064165
0	0.39325
0	-0.1102
0	-0.1117
0	-0.075754
0	0.068218
0	0.012799
0	0.035041
0	0.043522
0	0.27674
0	-0.0023659
0	-0.043634
0	0.10343
0	-0.074539
0	-0.023415
0	-0.12213
0	-0.041206
0	0.18451
0	0.34433
0	-0.13179
0	-0.15351
0	-0.086813
0	0.093536
0	0.086344
0	-0.016479
0	-0.065211
0	-0.26016
0	0.073412
0	0.014636
0	0.076506
0	0.04139
0	0.27444
0	-0.11159
0	0.16609
0	0.19957
0	0.14562
0	0.17117
0	0.18429
0	0.067117
0	0.085517
0	-1.2354e-18
0	-0.012107
0	0.015012
0	0.18434
0	-0.012647
0	0.071791
0	-0.060856
0	0.45291
0	-0.044297
0	0.17806
0	-0.12165
0	0.0044347
0	0.04243
0	-0.073074
0	-0.23647
0	-0.017746
0	0.24783
0	0.23411
0	-0.16832
0	0.15994
0	0.024429
0	0.03995
0	-0.15657
0	-0.26265
0	0.40238
0	0.19665
0	0.1624
0	0.0051848
0	0.16844
0	0.033385
0	0.26464
0	0.012188
0	-0.11126
0	-0.020476
0	0.044822
0	0.0086677
0	0.056999
0	-0.25734
0	0.037199
0	0.22409
0	0.20983
0	0.09207
0	-0.067801
0	0.088229
0	-0.086819
0	0.066609
0	0.43183
0	-0.039574
0	-0.04444
0	-0.080157
0	0.14315
0	-0.039224
0	0.05365
0	-0.047022
0	-0.024619
0	0.082056
0	0.0015029
0	0.090709
0	0.031988
0	-0.073415
0	-0.077519
0	0.33274
0	0.28881
0	0.094409
0	0.1345
0	0.22092
0	-0.080092
0	0.25705
0	-0.12007
0	0.026516
0	-0.067484
0	0.16287
0	0.52782
0	0.15252
0	0.11497
0	0.027174
0	-0.14826
0	0.018096
0	0.22018
0	0.1404
0	-0.050011
0	0.27484
0	0.14776
0	-0.063956
0	-0.0015715
0	0.13728
0	0.0093353
0	-0.03399
0	0.069212
0	0.03661
0	0.091229
0	-0.046243
0	-0.04532
0	0.18837
0	0.16776
0	0.22547
0	0.27425
0	-0.10217
0	-0.064101
0	0.16053
0	0.046862
0	-0.025484
0	-0.0092224
0	0.10459
0	0.35548
0	-0.057275
0	-0.13263
0	-0.0051621
0	0.17086
0	0.099623
0	0.038104
0	-0.16154
0	-0.15212
0	-0.097362
0	-0.05906
0	-0.022926
0	0.072217
0	-0.094402
0	0.049296
0	0.27786
0	0.19924
0	0.2284
0	0.022711
0	-0.030247
0	0.042884
0	-0.047898
0	0.27187
0	-0.029533
0	0.037237
0	0.35989
0	0.080311
0	0.10419
0	0.015487
0	0.037959
0	-0.18272
0	0.15461
0	0.009456
0	0.12486
0	0.11302
0	0.39299
0	0.0025958
0	0.04261
0	0.26275
0	-0.0031327
0	0.062428
0	0.1131
0	0.3074
0	-0.013751
0	-0.14889
0	0.17887
0	0.011997
0	-0.058899
0	0.25076
0	0.075124
0	0.22433
0	0.094429
0	-0.18568
0	-0.17498
0	0.18587
0	-0.10298
0	0.16801
0	0.11087
0	0.047199
0	-0.10995
0	-0.072564
0	-0.094323
0	0.098387
0	-0.11142
0	0.03802
0	-0.017709
0	0.047833
0	0.12134
0	-0.0021965
0	0.16827
0	-0.066181
0	-0.016558
0	0.096658
0	0.068386
0	-0.074682
0	-0.056629
0	0.16546
0	0.063964
0	0.056817
0	0.069241
0	0.01987
0	-0.055184
0	0.055015
0	0.25008
0	0.46719
0	-0.039003
0	0.05221
0	-0.054853
0	-0.023373
0	0.18968
0	-0.035993
0	-0.010179
0	0.17456
0	-0.015137
0	0.084766
0	0.10954
0	0.074036
0	-0.084277
0	-0.016436
0	0.19222
0	0.05008
0	0.033195
0	0.013479
0	-0.072417
0	0.078385
0	0.022968
0	-0.096851
0	0.043837
0	-0.090244
0	0.037668
0	-0.015075
0	-0.018975
0	-0.011776
0	-0.017181
0	-0.037603
0	-0.16967
0	-0.08018
0	-0.1004
0	0.077066
0	-0.076085
0	-0.17219
0	0.47231
0	-0.028274
0	-0.065349
0	-0.060324
0	-0.00487
0	-0.051825
0	0.21273
0	0.12564
0	-0.03305
0	0.055542
0	0.23919
0	0.034173
0	0.36498
0	0.015157
0	-0.035488
0	0.081607
0	0.093529
0	0.20849
0	0.023013
0	-0.10336
0	0.48956
0	-0.084459
0	0.073441
0	-0.37047
0	0.33589
0	0.072878
0	-0.03513
0	-0.050986
0	0.00096966
0	-0.093714
0	0.067938
0	0.027793
0	0.23442
0	0.018828
0	-0.19131
0	-0.066464
0	0.051241
0	0.10036
0	-0.0058858
0	0.012185
0	0.14411
0	0.0090614
0	0.068205
0	0.046574
0	0.091418
0	0.00032607
0	-0.13485
0	5.105e-19
0	-0.15691
0	0.10127
0	0.051523
0	0.26982
0	0.037563
0	0.014058
0	-0.055067
0	-0.030617
0	0.21232
0	0.055891
0	-0.005873
0	0.21302
0	-0.0079297
0	0.057916
0	-0.091
0	0.023381
0	-0.026186
0	-0.1296
0	0.014729
0	-0.1351
0	-0.033329
0	0.19681
0	-0.042054
0	0.04375
0	0.0062622
0	0.76862
0	0.14601
0	0.0054335
0	0.22591
0	0.13173
0	0.090109
0	0.15842
0	0.073181
0	-0.0036485
0	-0.18568
0	0.05151
0	-0.054971
0	-0.039812
0	-0.042374
0	0.010299
0	0.074468
0	0.031714
0	-0.04369
0	0.3371
0	-0.07361
0	-0.10909
0	-0.035961
0	0.14026
0	0.0010049
0	0.065384
0	0.058591
0	-0.0053801
0	0.2409
0	0.13299
0	-0.024249
0	0.12573
0	0.1799
0	-0.1189
0	-0.073855
0	0.15237
0	0.1363
0	-0.019703
0	-0.0019187
0	-0.033641
0	0.048037
0	0.25459
0	-0.0092101
0	0.18091
0	0.0056725
0	0.025185
0	0.15218
0	0.00827
0	0.074761
0	-0.020727
0	0.05473
0	-0.070054
0	-0.092343
0	-0.013771
0	0.45153
0	0.076652
0	-0.018832
0	0.023988
0	0.045377
0	-0.0014357
0	-0.08919
0	0.04151
0	0.19774
0	0.13909
0	0.063389
0	-0.16495
0	0.09327
0	0.12217
0	-0.07164
0	-0.070949
0	0.027452
0	0.059587
0	0.065176
0	0.034998
0	0.025832
0	0.018193
0	0.0037654
0	0.12506
0	0.03559
0	-0.010586
0	0.026899
0	0.047189
0	0.25686
0	-0.077409
0	-0.053898
0	0.012564
0	0.24562
0	0.11161
0	-0.023199
0	-0.059701
0	0.21986
0	0.05152
0	0.060221
0	-0.085525
0	-0.033038
0	0.076896
0	-0.089896
0	0.0661
0	0.0011536
0	0.32297
0	0.45224
0	0.14382
0	0.068412
0	-0.019394
0	0.20075
0	-0.14991
0	0.19063
0	0.085024
0	0.29495
0	-0.04995
0	-0.12792
0	0.11724
0	-0.05416
0	0.071942
0	0.016286
0	0.15318
0	0.010588
0	0.18642
0	0.034634
0	0.18774
0	0.07463
0	-0.11429
0	-0.088027
0	-0.077709
0	0.31287
0	0.16613
0	-0.0097146
0	0.061433
0	-0.09503
0	0.0761
0	-0.095803
0	-0.00060576
0	0.070413
0	-0.0048416
0	-0.060629
0	-0.0092408
0	0.020303
0	-0.14696
0	0.3403
0	-0.052469
0	0.17976
0	-0.17073
0	0.14535
0	-0.063453
0	0.037429
0	0.19502
0	0.027976
0	0.0031768
0	-0.061414
0	0.14824
0	0.12014
0	0.045919
0	0.03754
0	-0.093799
0	0.11711
0	0.043383
0	0.2024
0	-0.16206
0	0.096781
0	0.28313
0	0.3876
0	0.10926
0	0.06384
0	0.012613
0	-0.018915
0	-0.0047448
0	0.0099684
0	0.022257
0	1.3889e-19
0	-0.40603
0	0.093949
0	0.30624
0	-0.024883
0	0.048097
0	0.20203
0	0.14908
0	0.02837
0	0.0045977
0	0.1675
0	0.26596
0	0.22693
0	-0.045864
0	-0.098269
0	0.032476
0	-0.1698
0	0.043377
0	-0.084026
0	-0.017038
0	0.081798
0	0.044634
0	-0.022677
0	-0.066138
0	-0.10893
0	-0.061861
0	-0.14593
0	0.16948
0	-0.16531
0	-0.02173
0	-0.015538
0	0.050091
0	-0.032124
0	0.18284
0	0.017423
0	-0.062807
0	0.094154
0	0.1741
0	-0.0054402
0	0.17396
0	-0.1097
0	-0.023565
0	-0.015086
0	-0.049854
0	-0.026971
0	-0.14709
0	-0.070511
0	0.013811
0	0.003392
0	-0.048998
0	-0.0068545
0	0.11225
0	0.027803
0	-0.14166
0	0.25178
0	-0.22449
0	0.022055
0	0.084778
0	-0.1484
0	-0.013541
0	0.014298
0	2.6196e-18
0	-0.0081836
0	0.052259
0	-0.020832
0	0.017364
0	0.024668
0	-0.19242
0	0.28958
0	0.079341
0	-0.068617
0	0.17219
0	0.088179
0	0.31418
0	0.35055
0	-0.11443
0	0.10123
0	-0.10811
0	0.37065
0	-0.37148
0	-0.025307
0	-0.075204
0	0.010158
0	-0.12687
0	0.069071
0	-0.055564
0	0.09927
0	-0.061897
0	0.050634
0	-0.059905
0	0.029164
0	-0.036373
0	0.008423
0	0.10958
0	-0.056954
0	-0.16032
0	0.1275
0	0.22905
0	0.13101
0	0.047772
0	0.12513
0	-0.014679
0	0.086612
0	-0.060607
0	-0.041491
0	-0.080869
0	0.012156
0	0.031873
0	-0.096681
0	0.20325
0	0.011119
0	0.14323
0	-0.094672
0	0.17825
0	0.065113
0	0.015008
0	0.060259
0	0.0065595
0	-0.13901
0	0.11147
0	0.002837
0	-0.089598
0	0.21103
0	-0.10696
0	0.016534
0	-0.055522
0	0.50767
0	-0.089216
0	0.082825
0	0.0054496
0	0.27274
0	-0.033503
0	-0.022059
0	0.58962
0	-0.119
0	0.20039
0	-0.06243
0	0.030484
0	0.10137
0	-0.1738
0	-0.12201
0	0.1072
0	-0.073493
0	0.35815
0	0.086584
0	0.069417
0	-0.15822
0	-0.16308
0	0.11512
0	0.081615
0	-0.0083192
0	-0.067267
0	-0.038676
0	0.053578
0	0.17259
0	0.068382
0	0.063034
0	0.042768
0	0.0073467
0	-0.16312
0	0.048272
0	0.064174
0	-0.16866
0	0.12469
0	-0.15939
0	0.0072516
0	-0.059026
0	0.059211
0	-0.10332
0	0.03637
0	0.12685
0	-0.12573
0	0.17006
0	0.104
0	-0.11214
0	0.033224
0	-0.033373
0	0.029735
0	0.012858
0	-0.046334
0	0.058129
0	0.088784
0	0.14093
0	0.023299
0	-0.011246
0	0.11837
0	0.092067
0	0.17917
0	0.042301
0	0.014812
0	0.010608
0	0.0692
0	0.051261
0	-0.0052048
0	0.59295
0	0.20869
0	0.05566
0	0.13838
0	-0.022086
0	0.039302
0	-0.15652
0	0.030338
0	-0.058087
0	-0.12514
0	0.46983
0	0.28826
0	-0.20952
0	0.18448
0	-0.16628
0	0.13827
0	-0.0046228
0	-0.08482
0	0.37837
0	-0.1276
0	0.075935
0	0.074679
0	-0.14531
0	0.11047
0	0.010878
0	-0.069429
0	-0.024949
0	0.06499
0	-0.070403
0	0.061134
0	0.024607
0	0.039184
0	0.15643
0	0.0033528
0	0.20927
0	-0.010245
0	-0.010881
0	0.05387
0	-0.10315
0	-0.14292
0	-0.176
0	0.039269
0	-0.02944
0	-0.059289
0	0.045417
0	-0.070375
0	0.091618
0	0.40941
0	-0.04679
0	0.052277
0	0.083751
0	-0.050224
0	0.084875
0	-0.035846
0	0.010569
0	0.076213
0	0.15976
0	0.068343
0	0.13798
0	-0.0067966
0	-0.043152
0	0.048338
0	-0.13635
0	0.072159
0	0.03219
0	0.018454
0	0.069108
0	-0.092914
0	0.085196
0	-0.19077
0	0.021552
0	0.018889
0	0.044934
0	-0.037959
0	0.038937
0	0.12934
0	0.087218
0	0.17093
0	-0.082064
0	0.046613
0	0.059712
0	0.032056
0	0.029986
0	-0.001954
0	0.17026
0	0.22256
0	0.099236
0	-0.062953
0	-0.13121
0	0.052403
0	-0.047014
0	-0.0071487
0	0.20155
0	0.040164
0	0.47644
0	0.021492
0	0.19861
0	-0.32929
0	-0.084307
0	-0.056402
0	-0.15287
0	0.23072
0	-0.17338
0	0.066924
0	-0.057983
0	0.016262
0	0.043574
0	-0.015321
0	0.0027202
0	-0.093512
0	-0.13412
0	-0.10139
0	0.088237
0	0.053397
0	0.11935
0	-0.31936
0	0.0028658
0	0.0045138
0	-0.044727
0	0.027029
0	-0.0039269
0	0.12847
0	0.029824
0	-0.08503
0	-0.19113
0	0.30653
0	0.093825
0	-0.091168
0	0.14793
0	0.2303
0	-0.099689
0	0.138
0	0.047688
0	-0.00070254
0	0.23237
0	-0.18263
0	0.41703
0	-0.038671
0	0.081857
0	0.021827
0	0.10357
0	0.037073
0	0.12592
0	0.02622
0	0.12422
0	-0.18355
0	0.40386
0	-0.18047
0	0.073688
0	0.14205
0	0.03614
0	-0.018391
0	0.04592
0	-0.011256
0	-0.11782
0	-0.0029615
0	-0.048828
0	0.096147
0	0.00012497
0	0.095012
0	0.046923
0	-0.11918
0	-0.12093
0	0.18351
0	0.14885
0	-0.0028843
0	0.095767
0	-0.0050234
0	-0.0021086
0	-0.10422
0	0.059121
0	0.041507
0	0.16832
0	0.034947
0	-0.1539
0	0.14745
0	-0.1817
0	-0.09409
0	0.053626
0	-0.071165
0	0.026388
0	0.0092313
0	-0.077558
0	-0.13376
0	0.051349
0	-0.011321
0	0.017477
0	0.06055
0	0.24545
0	0.096018
0	-0.042311
0	-0.037375
0	-0.087185
0	0.11737
0	-0.074336
0	0.079232
0	0.11743
0	-0.065623
0	-0.039674
0	0.13379
0	-0.058374
0	0.069923
0	0.051653
0	0.20407
0	-0.12586
0	-0.01156
0	0.34636
0	0.14997
0	0.087394
0	0.026707
0	0.45713
0	0.1336
0	0.036635
0	-0.043891
0	-0.035899
0	-0.084745
0	0.024601
0	0.054243
0	0.10002
0	0.011597
0	0.32831
0	0.016952
0	-0.15269
0	-0.057082
0	0.22198
0	0.027794
0	0.0057653
0	0.076512
0	-0.051112
0	0.30075
0	0.14499
0	-0.04844
0	0.016712
0	-0.098415
0	-0.076687
0	0.21036
0	0.040778
0	-0.034869
0	0.29365
0	0.014006
0	0.26586
0	-0.13545
0	0.041172
0	0.0020049
0	0.12929
0	-0.1454
0	0.16151
0	-0.053172
0	0.0497
0	-0.17121
0	0.010643
0	0.00053161
0	-0.074517
0	0.31195
0	0.24813
0	-0.16425
0	0.010469
0	0.026601
0	0.15697
0	0.31798
0	0.014079
0	0.04083
0	-0.020134
0	0.062732
0	0.12449
0	0.16517
0	-0.018744
0	0.02284
0	0.11114
0	0.001571
0	-0.039855
0	0.090579
0	0.015833
0	0.095675
0	0.016462
0	0.26939
0	-0.12831
0	0.20765
0	-0.14788
0	0.11353
0	-0.13981
0	-0.065518
0	-0.020852
0	-0.272
0	-0.065631
0	-0.15154
0	-0.069623
0	0.36034
0	0.23683
0	0.057057
0	0.46215
0	0.11018
0	-0.031103
0	0.020097
0	0.10485
0	0.0714
0	-0.10742
0	-0.21518
0	0.10047
0	0.13194
0	0.20145
0	0.13417
0	-0.022873
0	-0.052496
0	-0.048777
0	-0.035202
0	0.16478
0	0.023937
0	0.60579
0	0.14792
0	0.018193
0	-0.16291
0	-0.030957
0	-0.026926
0	-0.050197
0	0.17257
0	-0.046591
0	0.045078
0	0.20004
0	0.17644
0	0.0029733
0	-0.17522
0	-0.14087
0	8.1743e-05
0	0.0032351
0	0.026882
0	0.22834
0	0.22141
0	0.050941
0	-0.0046819
0	-0.0038363
0	0.10446
0	-0.069045
0	-0.13663
0	-0.07323
0	-0.078178
0	-0.091685
0	-0.091141
0	0.086697
0	0.165
0	-0.033875
0	0.10336
0	-0.01975
0	0.073222
0	-0.13102
0	0.093439
0	0.31655
0	0.1058
0	-0.038873
0	0.0462
0	-0.034819
0	0.12922
0	0.053846
0	0.10846
0	0.051731
0	0.023882
0	0.036376
0	0.01341
0	-0.058569
0	-0.12385
0	0.028468
0	-0.060963
0	0.02896
0	0.36941
0	0.20809
0	0.0065484
0	0.031485
0	0.17975
0	0.16619
0	0.28601
0	0.068151
0	0.079141
0	0.085815
0	0.13155
0	-0.042402
0	0.0056155
0	0.037715
0	0.017009
0	0.11679
0	-0.091762
0	-0.077245
0	-0.058843
0	-0.00075156
0	0.0088033
0	0.27774
0	-0.052206
0	0.33662
0	0.068662
0	0.033371
0	0.13548
0	0.06784
0	0.021851
0	0.059643
0	-0.16717
0	0.26247
0	-0.0080206
0	-0.086773
0	0.14898
0	0.011946
0	0.46755
0	-0.0059458
0	-0.21504
0	-0.1329
0	0.24951
0	0.1866
0	0.11569
0	-0.092839
0	0.029078
0	0.018098
0	0.04603
0	-0.020093
0	0.02118
0	0.25185
0	0.11471
0	-0.10007
0	0.16047
0	-0.039813
0	0.04693
0	-0.046428
0	0.030022
0	-0.041618
0	-0.15316
0	0.02604
0	-0.07871
0	0.11057
0	0.38484
0	0.28687
0	0.011503
0	0.42401
0	0.12998
0	-0.039114
0	0.078261
0	0.10785
0	0.049086
0	0.12392
0	0.095611
0	0.001606
0	0.49251
0	-0.048717
0	-0.15122
0	0.14823
0	0.048621
0	0.15957
0	0.036946
0	-0.17674
0	-0.053063
0	0.093675
0	0.076081
0	-0.023037
0	0.18571
0	0.18927
0	0.015298
0	0.21244
0	0.17723
0	0.025636
0	0.13286
0	0.014756
0	-0.052778
0	-0.0096123
0	0.046141
0	0.01739
0	0.062583
0	0.33201
0	-0.13683
0	0.026571
0	0.060467
0	0.0042348
0	0.099546
0	0.041419
0	0.056698
0	-0.072002
0	-0.077384
0	-0.02376
0	0.10668
0	0.059765
0	0.14944
0	-0.053872
0	0.17066
0	0.13857
0	0.12009
0	-0.16287
0	0.13996
0	-0.011121
0	0.095594
0	0.27605
0	0.17463
0	0.4479
0	-0.030649
0	0.11258
0	0.0303
0	0.0062641
0	0.087228
0	0.063764
0	0.075313
0	-0.10053
0	-0.028634
0	0.071112
0	0.16306
0	0.014609
0	0.15792
0	0.18442
0	0.1323
0	0.097706
0	0.014758
0	0.17492
0	-0.072088
0	0.21324
0	0.59576
0	0.15723
0	-0.13134
0	0.055769
0	-0.0048872
0	0.15024
0	0.023751
0	0.014093
0	0.36602
0	-0.17358
0	0.067542
0	0.02633
0	0.19334
0	0.041498
0	0.075164
0	0.067995
0	0.067701
0	-0.024307
0	-0.054761
0	-0.074709
0	0.14499
0	-0.011504
0	-0.050466
0	-0.01321
0	0.091852
0	-0.051614
0	-0.09516
0	0.20649
0	0.00091927
0	0.036822
0	-0.226
0	0.26813
0	0.19552
0	-0.024177
0	0.011777
0	-0.010705
0	0.010504
0	0.057131
0	-0.036231
0	-0.080385
0	0.055158
0	0.069496
0	0.014054
0	0.32911
0	-0.060122
0	0.2327
0	0.15238
0	-0.015223
0	-0.03233
0	0.30789
0	0.13901
0	-0.099118
