1	0.32871
1	0.050235
1	0.51713
1	0.57197
1	0.47205
1	-0.042139
1	0.6712
1	0.15014
1	0.20977
1	0.12693
1	0.15465
1	0.080953
1	0.32555
1	0.35251
1	-0.11222
1	0.75401
1	0.26082
1	0.097949
1	0.16261
1	0.029082
1	0.5318
1	0.39793
1	0.27565
1	0.1137
1	0.30269
1	-0.31445
1	0.13334
1	0.3939
1	0.15993
1	-0.19753
1	-0.11102
1	0.031947
1	0.35993
1	0.21006
1	0.11816
1	0.10642
1	0.65361
1	0.7589
1	0.32252
1	0.48491
1	0.1593
1	0.21819
1	0.098975
1	0.27964
1	0.23404
1	0.061539
1	0.43509
1	0.37698
1	0.35318
1	0.24805
1	0.072236
1	0.38764
1	0.074656
1	0.15029
1	0.66
1	0.38293
1	0.18927
1	0.38278
1	0.21791
1	0.36567
1	0.31126
1	0.3002
1	-0.0085477
1	-0.021919
1	0.1129
1	0.35449
1	0.51147
1	0.29429
1	0.085025
1	0.24217
1	0.65851
1	0.5261
1	0.81865
1	0.094265
1	-0.39788
1	0.29581
1	0.29386
1	0.39117
1	0.066464
1	0.25594
1	0.56263
1	0.47367
1	0.29284
1	0.39302
1	0.018715
1	0.49975
1	0.3711
1	0.53542
1	0.592
1	0.062138
1	0.15036
1	0.26738
1	0.32604
1	0.41993
1	0.82981
1	0.37832
1	0.60555
1	0.69267
1	0.23527
1	0.055064
1	0.22547
1	0.17549
1	0.052168
1	0.066379
1	0.48096
1	0.036592
1	0.19256
1	-0.063601
1	0.40498
1	0.18564
1	0.36851
1	0.40414
1	0.26541
1	0.2994
1	0.83576
1	0.38812
1	0.17547
1	0.87642
1	0.51758
1	0.30191
1	0.30993
1	0.48109
1	-0.046493
1	-0.086597
1	-0.091603
1	0.55559
1	0.20741
1	0.50052
1	0.51251
1	0.41794
1	0.33767
1	0.28645
1	0.63734
1	0.33354
1	0.28373
1	0.21783
1	0.45783
1	0.10312
1	0.66616
1	0.025693
1	0.18097
1	0.81599
1	0.3892
1	0.25769
1	0.67605
1	0.39135
1	0.58463
1	0.16416
1	0.014188
1	0.81362
1	0.19544
1	0.27883
1	0.33086
1	0.35425
1	0.36758
1	0.41369
1	0.36205
1	0.28109
1	0.49588
1	0.25979
1	0.31218
1	0.52796
1	0.069052
1	0.37545
1	0.47385
1	0.53437
1	0.45753
1	0.57316
1	0.21405
1	0.12444
1	0.22447
1	0.42106
1	0.30455
1	-0.081042
1	0.034846
1	0.41359
1	-0.088512
1	0.4714
1	0.70973
1	0.44622
1	0.44067
1	0.45853
1	0.21441
1	0.70646
1	-0.075379
1	-0.022143
1	0.32792
1	0.3465
1	0.14549
1	0.57139
1	0.3827
1	0.31805
1	0.21667
1	0.47122
1	0.56078
1	0.13354
1	0.27655
1	0.21544
1	0.57217
1	0.51004
1	0.21123
1	0.31917
1	0.24832
1	0.33554
1	0.60048
1	0.37643
1	0.27388
1	0.48805
1	0.21401
1	0.39048
1	0.41502
1	0.55906
1	0.35534
1	0.22372
1	0.2499
1	0.11486
1	0.49262
1	0.4211
1	0.17995
1	0.4745
1	0.41694
1	0.08468
1	0.29678
1	0.24867
1	0.096073
1	0.26898
1	0.64841
1	0.45788
1	0.4199
1	0.54969
1	0.60963
1	0.65209
1	0.54634
1	0.52875
1	0.6921
1	0.48335
1	0.70685
1	0.76074
1	0.77723
1	0.43823
1	0.18333
1	0.2303
1	0.66124
1	0.55511
1	0.36642
1	0.3765
1	0.58095
1	0.55457
1	0.39713
1	0.29191
1	0.43596
1	0.35044
1	0.042108
1	0.79349
1	0.23822
1	0.4564
1	0.36123
1	0.12876
1	0.4907
1	0.56566
1	0.65775
1	0.68894
1	0.37259
1	0.62619
1	0.12037
1	0.28279
1	0.36641
1	0.4646
1	0.24592
1	0.45149
1	0.28893
1	0.14987
1	0.35778
1	0.64329
1	0.37137
1	0.3249
1	0.18269
1	0.38436
1	-0.0094812
1	0.1709
1	0.61883
1	0.24439
1	0.15065
1	0.30415
1	0.49364
1	0.58542
1	0.22633
1	0.24388
1	0.3827
1	0.43557
1	0.6755
1	0.31967
1	0.17165
1	0.37406
1	0.57614
1	0.61968
1	0.70662
1	0.702
1	0.33846
1	0.78084
1	0.72551
1	0.64498
1	0.28773
1	0.53246
1	0.31138
1	0.38139
1	0.34214
1	0.18349
1	0.55251
1	0.36522
1	0.25108
1	0.42894
1	0.079386
1	0.34864
1	0.24707
1	0.34693
1	0.60993
1	0.16703
1	0.17853
1	0.66002
1	0.36667
1	0.47507
1	0.17137
1	0.5312
1	1.0639
1	0.24769
1	0.49301
1	0.72438
1	-0.051537
1	0.51101
1	1.0082
1	0.61178
1	0.54528
1	0.69269
1	0.52005
1	0.60671
1	0.44562
1	0.095463
1	0.21091
1	0.2372
1	0.27853
1	0.77326
1	0.25583
1	0.036993
1	0.057723
1	0.043587
1	0.39828
1	0.40521
1	0.48244
1	0.38876
1	0.33827
1	0.70353
1	0.34099
1	0.044278
1	0.40832
1	0.16047
1	0.023411
1	0.62554
1	0.43324
1	0.33608
1	0.45596
1	-0.10619
1	-0.087263
1	0.12985
1	0.043325
1	0.13626
1	0.28741
1	0.29976
1	0.26019
1	0.42599
1	0.50321
1	0.76504
1	0.2438
1	0.46374
1	-0.43086
1	0.54418
1	0.024577
1	0.25738
1	0.8446
1	0.35543
1	0.1516
1	-0.27066
1	0.40853
1	0.43088
1	0.07705
1	0.011818
1	-0.075508
1	0.36179
1	0.51371
1	0.24431
1	0.20615
1	0.19472
1	0.27701
1	0.36456
1	0.13901
1	0.21372
1	0.27913
1	0.10433
1	0.34172
1	0.042069
1	0.22148
1	0.40586
1	0.046794
1	0.24084
1	0.26407
1	0.45181
1	0.39628
1	0.010203
1	0.17734
1	0.30656
1	0.38666
1	0.76415
1	0.46647
1	0.50808
1	0.72668
1	0.70932
1	0.48616
1	0.82874
1	-0.032782
1	0.37085
1	0.29122
1	0.49399
1	0.29737
1	0.40298
1	0.66901
1	0.26989
1	0.18826
1	0.53239
1	0.33206
1	0.29376
1	0.5239
1	0.22462
1	0.75142
1	0.85992
1	0.5899
1	0.30946
1	0.32836
1	0.55736
1	0.45287
1	0.28603
1	0.63755
1	0.57302
1	0.037583
1	0.47383
1	0.47276
1	0.58703
1	-0.11769
1	0.67391
1	0.31357
1	0.09333
1	0.3682
1	0.76084
1	0.3985
1	0.31918
1	0.023
1	0.386
1	0.44565
1	0.22267
1	0.42008
1	0.26384
1	0.47159
1	0.38914
1	0.59733
1	0.3846
1	0.54414
1	0.58216
1	-0.16397
1	0.39635
1	0.59743
1	0.17543
1	0.081749
1	-0.17149
1	0.32434
1	0.013153
1	0.15845
1	0.46896
1	0.38806
1	0.33633
1	0.29135
1	0.5698
1	0.49487
1	0.41012
1	0.10489
1	0.40553
1	0.54224
1	0.63095
1	0.24114
1	0.52596
1	0.2638
1	0.34488
1	0.035992
1	0.14147
1	0.27431
1	0.49394
1	0.26522
1	0.55864
1	0.59832
1	0.81165
1	0.85036
1	0.80188
1	0.50314
1	0.56941
1	0.50115
1	0.55225
1	0.83871
1	0.27197
1	0.57901
1	0.62105
1	0.71873
1	0.66214
1	0.64564
1	0.1532
1	0.1863
1	0.47014
1	0.67025
1	0.39109
1	0.015134
1	0.11828
1	0.60703
1	0.2563
1	0.52787
1	0.35469
1	0.088641
1	0.059504
1	0.46349
1	0.1536
1	0.23786
1	0.45536
1	0.37166
1	0.32696
1	0.27345
1	0.21824
1	0.66071
1	0.99852
1	0.099308
1	0.60157
1	0.33385
1	0.35317
1	0.39199
1	0.3978
1	0.65845
1	0.33099
1	0.45562
1	0.22579
1	0.81275
1	0.32995
1	0.17292
1	0.34456
1	0.53021
1	0.21775
1	0.18406
1	0.26097
1	0.3204
1	0.38648
1	0.29601
1	0.13561
1	0.59129
1	0.36548
1	0.31289
1	0.45417
1	0.34032
1	0.54324
1	0.11455
1	0.90683
1	0.050216
1	0.52469
1	0.76455
1	0.40389
1	0.56099
1	0.11339
1	0.55354
1	0.69178
1	0.20179
1	0.27621
1	0.62603
1	0.24175
1	0.31267
1	0.32918
1	0.32706
1	0.36884
1	0.66746
1	0.085012
1	0.2389
1	0.11142
1	-0.02842
1	0.13773
1	0.18801
1	0.47438
1	0.071188
1	0.40942
1	0.29521
1	0.33957
1	0.71729
1	0.021803
1	0.47348
1	0.13624
1	0.39602
1	0.20189
1	0.40102
1	0.49248
1	0.25581
1	0.099847
1	0.24479
1	-0.043218
1	0.39467
1	0.42191
1	0.28266
1	0.35308
1	0.48302
1	0.31133
1	0.35699
1	0.39073
1	0.43498
1	0.27454
1	0.25471
1	0.17382
1	0.040681
1	0.16051
1	0.58593
1	0.48879
1	0.73832
1	0.50243
1	0.89018
1	0.84364
1	0.67779
1	0.14776
1	0.78662
1	0.59573
1	0.87073
1	0.059146
1	0.49343
1	0.77249
1	0.24738
1	0.19023
1	0.28867
1	0.26399
1	0.16369
1	0.027294
1	0.058052
1	0.41465
1	0.24431
1	0.44759
1	0.050502
1	0.092652
1	0.31296
1	0.40849
1	0.29035
1	0.47957
1	0.79135
1	0.43312
1	0.36807
1	0.13227
1	0.31368
1	0.48842
1	0.33521
1	0.19112
1	0.68041
1	0.07983
1	0.084887
1	0.080601
1	0.17589
1	0.7534
1	0.47591
1	0.30113
1	0.28594
1	0.26365
1	0.7635
1	0.076205
1	0.30953
1	0.20486
1	0.38204
1	0.41153
1	0.20838
1	0.12199
1	0.38109
1	0.15957
1	0.30138
1	0.33438
1	0.22534
1	0.33135
1	0.47205
1	0.19508
1	0.30887
1	0.43495
1	0.33671
1	0.44806
1	0.18742
1	0.24133
1	0.28983
1	0.097269
1	0.17531
1	0.68191
1	0.33766
1	0.66418
1	0.32015
1	0.35442
1	0.35781
1	0.16552
1	0.21501
1	0.5405
1	0.65022
1	0.54435
1	0.62884
1	0.43125
1	0.52109
1	0.067154
1	0.24399
1	0.38518
1	0.56975
1	0.32724
1	0.35024
1	0.34295
1	0.12282
1	0.27182
1	0.44284
1	0.06713
1	0.15927
1	0.12779
1	0.055134
1	0.094635
1	0.38961
1	0.23688
1	0.14731
1	0.30178
1	0.43749
1	0.20831
1	0.36303
1	0.17351
1	0.36311
1	0.28278
1	0.49107
1	0.11435
1	0.085539
1	0.18447
1	0.11236
1	-0.14735
1	0.17844
1	-0.10964
1	0.20314
1	-0.043293
1	0.11666
1	0.41279
1	0.21227
1	0.43538
1	0.11765
1	0.4726
1	0.19035
1	0.3808
1	0.12852
1	-0.15308
1	-0.071885
1	0.066725
1	0.20586
1	0.19433
1	0.417
1	0.10081
1	0.42481
1	-0.07273
1	0.41322
1	0.51652
1	0.33634
1	0.17923
1	0.59172
1	0.66137
1	0.12025
1	-0.044921
1	0.60223
1	0.7511
1	0.17621
1	0.045103
1	0.20191
1	-0.0030829
1	0.21925
1	-0.035263
1	0.32341
1	0.10826
1	0.13986
1	0.13974
1	0.51155
1	0.028554
1	0.17143
1	0.092154
1	0.1787
1	0.41766
1	0.28573
1	0.74036
1	0.29141
1	0.24134
1	0.14954
1	0.26465
1	0.31875
1	0.34644
1	0.0090432
1	0.075159
1	0.078591
1	0.14577
1	0.38238
1	0.36074
1	0.17529
1	0.20753
1	0.12477
1	0.75162
1	0.10194
1	-0.033233
1	0.053657
1	0.19494
1	-0.02858
1	0.16785
1	0.47622
1	0.55374
1	0.05795
1	0.26758
1	0.45415
1	0.4881
1	0.8394
1	0.12877
1	0.17383
1	0.38226
1	0.086594
1	0.69727
1	0.77152
1	0.45486
1	0.075221
1	0.4235
1	0.4842
1	0.040261
1	0.039569
1	0.19624
1	-0.10459
1	0.14474
1	0.1252
1	-0.05089
1	0.10576
1	0.17104
1	0.25268
1	-0.063608
1	0.60104
1	0.53122
1	0.24491
1	0.68627
1	0.57076
1	0.24015
1	0.26418
1	0.10267
1	0.40903
1	0.55216
1	0.46278
1	0.32925
1	0.64413
1	0.25878
1	0.10513
1	0.20878
1	0.3932
1	0.13888
1	0.23632
1	0.5382
1	0.80853
1	0.6988
1	0.60172
1	0.79565
1	0.30946
1	0.020319
1	0.033428
1	0.62165
1	0.49939
1	0.40907
1	0.27268
1	0.19485
1	0.7174
1	-0.031387
1	0.21164
1	0.14529
1	0.15607
1	0.10973
1	0.19014
1	0.26907
1	0.18122
1	0.1546
1	0.53906
1	0.41122
1	0.34023
1	0.64394
1	0.2583
1	0.1405
1	0.5162
1	0.62368
1	0.2627
1	0.73245
1	0.70182
1	0.26571
1	0.17888
1	0.3133
1	0.25736
1	0.30009
1	0.15888
1	0.34902
1	0.46667
1	0.33674
1	0.51908
1	0.50633
1	0.3255
1	0.32999
1	0.14808
1	-0.0021297
1	0.072674
1	0.16267
1	0.26614
1	0.38091
1	-0.12125
1	0.10962
1	0.55363
1	0.53308
1	0.51577
1	0.076977
1	0.2019
1	0.099455
1	0.39222
1	0.59872
1	0.36303
1	0.063957
1	0.32855
1	0.15575
1	0.33379
1	0.60146
1	0.45053
1	0.1044
1	-0.01588
1	0.046687
1	0.45596
1	0.073147
1	0.22998
1	0.55459
1	0.64749
1	0.25685
1	0.52508
1	0.29864
1	0.30329
1	0.19267
1	0.33013
1	0.36457
1	0.48877
1	0.51958
1	0.35489
1	0.52806
1	0.64981
1	0.57623
1	0.57151
1	-0.010985
1	0.1089
1	0.30741
1	0.32103
1	0.28206
1	0.20217
1	0.019936
1	0.12864
1	0.62436
1	0.54747
1	0.5429
1	0.5531
1	0.42202
1	0.33292
1	0.21308
1	0.49243
1	0.58407
1	0.48233
1	0.42327
1	0.50095
1	0.43018
1	0.53854
1	0.069649
1	0.51256
1	0.23754
1	0.44761
1	0.26598
1	0.83418
1	0.86739
1	0.52273
1	0.58902
1	0.42646
1	0.59949
1	0.42769
1	0.402
1	0.11112
1	0.35819
1	0.85229
1	0.26189
1	0.58249
1	0.38775
1	0.83569
1	0.46398
1	0.42304
1	0.64832
1	0.0070846
1	0.23787
1	0.57046
1	-0.11507
1	0.21992
1	0.18529
1	0.34336
1	0.54469
1	0.66936
1	0.2736
1	0.51265
1	0.27056
1	0.635
1	0.37535
1	-0.058392
1	-0.05184
1	0.33329
1	0.26871
1	0.11714
1	0.24072
1	0.55025
1	0.18406
1	0.46466
1	0.021288
1	0.34627
1	0.093193
1	0.16725
1	0.25417
1	0.12362
1	0.096222
1	-0.019083
1	0.43688
1	0.19965
1	0.13348
1	0.17473
1	0.21218
1	0.43133
1	0.33106
1	0.060555
1	0.19366
1	0.18581
1	0.10542
1	0.37725
1	0.066765
1	-0.055845
1	0.041519
1	0.23107
1	0.4842
1	0.0092101
1	0.10636
1	0.24413
1	0.43406
1	0.035818
1	0.14547
1	0.099682
1	0.03869
1	0.03604
1	-0.012889
1	0.16545
1	0.12554
1	0.56507
1	-0.10318
1	0.68436
1	0.27879
1	0.20371
1	0.58641
1	0.23501
1	0.16534
1	0.37807
1	0.57771
1	0.25818
1	0.527
1	0.4029
1	0.20187
1	0.30796
1	0.14312
1	0.33888
1	0.14632
1	0.35243
1	0.50656
1	0.4364
1	0.11129
1	0.2307
1	0.32478
1	0.35879
1	0.18325
1	0.032316
1	0.47694
1	0.18333
1	0.10041
1	0.28473
1	0.063359
1	0.30119
1	0.25752
1	0.6048
1	0.63319
1	0.24488
1	0.13783
1	0.62442
1	0.32096
1	0.59632
1	0.65998
1	0.37156
1	0.30537
1	0.26686
1	0.27271
1	0.15367
1	0.52225
1	0.14202
1	0.29753
1	0.31359
1	0.1547
1	0.010153
1	0.027604
1	-0.057518
1	0.039668
1	-0.044582
1	0.53487
1	0.62154
1	0.44014
1	0.50743
1	0.3377
1	0.38707
1	0.3984
1	-0.017071
1	0.13472
1	0.23488
1	0.50542
1	0.3994
1	0.15485
1	0.49472
1	0.34772
1	0.57856
1	0.54568
1	0.76478
1	0.38011
1	0.28876
1	0.12863
1	0.35846
1	0.50685
1	0.23768
1	0.30489
1	0.06572
1	0.33881
1	0.16796
1	0.31687
1	0.26433
1	0.17993
1	-0.13454
1	0.55099
1	0.0019352
1	0.1993
1	-0.065889
1	-0.023853
1	-0.11654
1	0.17033
1	0.41018
1	0.36459
1	0.17318
1	0.2727
1	0.30119
1	0.37677
1	0.45076
1	0.26034
1	0.25715
1	0.27088
1	0.25232
1	-0.036636
1	0.12492
1	0.13665
1	0.088366
1	0.11741
1	0.20188
1	0.47158
1	0.34476
1	0.1584
1	0.54557
1	0.19074
1	-0.11728
1	0.1685
1	0.11681
1	0.094005
1	0.30613
1	0.15972
1	0.11835
1	0.48774
1	0.28336
1	0.045704
1	0.25433
1	0.25251
1	0.41352
1	0.27803
1	0.21201
1	0.24913
1	0.046408
1	0.47997
1	0.46239
1	0.28125
1	0.12619
1	0.17356
1	0.57297
1	0.19879
1	0.43603
1	0.42236
1	0.0049403
1	0.34046
1	0.29833
1	0.65938
1	0.36902
1	0.12348
1	0.52829
1	0.036374
1	0.13313
1	0.14323
1	0.13786
1	0.23179
1	0.07458
1	0.13109
1	0.46008
1	0.57165
1	0.25925
1	0.18702
1	0.48263
1	0.16748
1	-0.047339
1	0.0023448
1	0.75408
1	0.24364
1	0.17929
1	0.12689
1	0.14035
1	0.28227
1	-0.066134
1	0.21002
1	0.26811
1	0.11447
1	0.33004
1	0.29716
1	0.074157
1	0.28653
1	0.22897
1	0.208
1	0.26717
1	0.48121
1	0.1614
1	0.11385
1	0.16793
1	0.14954
1	0.12292
1	0.29427
1	0.12015
1	0.085653
1	0.56104
1	0.36547
1	0.27256
1	0.58072
1	-0.034068
1	0.27018
1	0.22762
1	0.083922
1	0.047416
1	0.28413
1	0.54788
1	0.20438
1	0.14727
1	0.22632
1	0.4155
1	0.72375
1	-0.028117
1	0.53725
1	0.13064
1	0.35704
1	0.18184
1	0.54636
1	-0.10987
1	0.60901
1	0.68981
1	0.16125
1	0.16759
1	0.42699
1	0.56517
1	0.30397
1	0.61733
1	0.40206
1	0.49886
1	0.26383
1	0.1701
1	0.24248
1	0.38609
1	0.14265
1	0.36641
1	0.028799
1	0.31829
1	0.16209
1	0.29378
1	0.02723
1	0.065053
1	0.52472
1	0.23121
1	0.10438
1	0.1972
1	0.31058
1	0.38475
1	0.20977
1	0.24533
1	0.23836
1	0.33486
1	0.35763
1	0.19612
1	0.13639
1	0.26523
1	0.20829
1	0.036756
1	0.17257
1	-0.11006
1	0.034206
1	0.27007
1	0.4135
1	0.4628
1	0.29495
1	0.36906
1	0.21719
1	0.33162
1	0.16112
1	-0.20414
1	0.29642
1	0.12428
1	0.10876
1	0.13073
1	0.17989
1	0.075652
1	-0.24555
1	0.054757
1	-0.029139
1	-0.1754
1	0.16486
1	0.30881
1	0.22547
1	0.3121
1	0.20555
1	0.26
1	-0.014218
1	0.5137
1	0.39179
1	0.4586
1	0.20513
1	0.32075
1	0.15525
1	0.20282
1	0.082256
1	0.15573
1	0.10935
1	0.18026
1	0.23142
1	0.18723
1	0.41655
1	0.40598
1	0.30895
1	0.44862
1	-0.21321
1	0.33185
1	0.020597
1	0.058508
1	0.076464
1	0.45174
1	0.12281
1	0.20192
1	0.29506
1	0.20181
1	0.40185
1	0.097449
1	0.24725
1	0.25237
1	0.27221
1	0.12153
1	0.46066
1	0.11004
1	0.08201
1	0.34344
1	0.14505
1	0.12514
1	0.20689
1	0.066136
1	0.035211
1	0.060326
1	0.29014
1	0.10266
1	-0.041731
1	0.37975
1	0.28026
1	0.35973
1	0.13846
1	0.027665
1	0.10991
1	0.099765
1	0.13657
1	0.017426
1	0.25093
1	0.26994
1	0.39968
1	0.16224
1	0.43979
1	0.36641
1	0.66534
1	0.31976
1	0.44602
1	0.62212
1	0.15686
1	0.18599
1	0.13068
1	0.19839
1	0.33339
1	0.11044
1	0.060642
1	0.21434
1	0.12248
1	0.22369
1	0.08519
1	0.18323
1	0.20564
1	0.43552
1	0.3972
1	0.35381
1	0.12535
1	0.19586
1	0.25737
1	-0.013987
1	0.58391
1	0.13354
1	0.29499
1	0.21418
1	0.21472
1	0.11171
1	0.54626
1	0.13642
1	0.20478
1	0.062822
1	0.038113
1	0.25031
1	0.20395
1	0.92292
1	0.49391
1	0.29131
1	0.5691
1	0.33026
1	0.58931
1	0.16752
1	0.2774
1	0.094885
1	0.30847
1	0.58296
1	0.79297
1	0.37349
1	0.15436
1	0.04324
1	0.18303
1	0.27889
1	0.13065
1	-0.0097709
1	0.80671
1	0.60527
1	0.19257
1	0.27262
1	0.76711
1	0.35245
1	0.1439
1	0.27813
1	0.48719
1	0.33624
1	0.38687
1	0.56386
1	0.40182
1	0.30301
1	0.51022
1	0.074845
1	0.18349
1	0.087843
1	0.12522
1	0.65467
1	0.3506
1	0.45407
1	0.55745
1	-0.076447
1	0.21888
1	0.16292
1	0.060042
1	0.12151
1	0.22365
1	0.13516
1	0.12905
1	0.19237
1	0.1368
1	0.6089
1	0.60476
1	0.15576
1	0.66829
1	0.12047
1	0.41768
1	0.64825
1	0.37929
1	0.50889
1	0.071342
1	0.57093
1	0.01581
1	0.48688
1	0.3955
1	0.14701
1	0.091151
1	0.24727
1	0.064019
1	0.19831
1	0.2877
1	-0.029025
1	0.282
1	0.38167
1	0.0016291
1	0.3716
1	0.31373
1	0.35247
1	0.18878
1	0.54999
1	0.3072
1	0.34881
1	0.13958
1	0.46632
1	0.5245
1	0.2281
1	0.63768
1	0.19454
1	0.51461
1	0.12467
1	0.26199
1	0.30995
1	0.30329
1	0.14152
1	0.47687
1	0.52811
1	0.43724
1	0.12334
1	0.55113
1	0.30993
1	0.41555
1	0.23134
1	0.26669
1	0.6649
1	0.33544
1	0.36003
1	0.45447
1	0.17504
1	0.32011
1	0.096254
1	0.39637
1	0.42406
1	0.20916
1	0.57462
1	0.40635
1	0.33667
1	-0.014851
1	0.31718
1	0.23995
1	0.28553
1	0.11426
1	0.19919
1	-0.19095
1	0.46459
1	0.14044
1	0.1427
1	0.097715
1	0.047796
1	0.20269
1	0.18057
1	0.262
1	0.39693
1	0.14499
1	0.17673
1	-0.20073
1	0.045402
1	0.24712
1	0.037959
1	0.14815
1	0.063788
1	0.20451
1	0.025776
1	0.18166
1	0.40486
1	0.13487
1	0.080017
1	0.1501
1	0.13255
1	0.48361
1	0.6007
1	0.49373
1	0.095039
1	0.31032
1	0.46809
1	-0.012707
1	0.1535
1	0.11293
1	0.22522
1	0.35858
1	0.29934
1	0.25537
1	0.21266
1	0.24182
1	0.28971
1	0.24908
1	-0.042891
1	0.12946
1	0.048894
1	0.22371
1	0.082796
1	0.31335
1	0.078077
1	0.07879
1	0.15095
1	0.3666
1	0.033276
1	-0.046288
1	-0.029931
1	0.069708
1	-0.17785
1	0.11219
1	0.10611
1	0.1872
1	0.022443
1	-0.017046
1	-0.0088452
1	0.32461
1	0.050715
1	0.0077148
1	0.1269
1	0.064167
1	0.23349
1	-0.31464
1	-0.074313
1	0.13181
1	-0.083686
1	0.023127
1	0.27453
1	0.21022
1	0.21529
1	0.21086
1	0.24256
1	-0.013091
1	0.13014
1	-0.060122
1	0.13139
1	-0.11023
1	0.38017
1	-0.025199
1	0.062815
1	-0.017382
1	0.34956
1	0.1756
1	0.25113
1	0.15175
1	0.12158
1	0.091679
1	0.15962
1	0.5783
1	0.014865
1	-0.002111
1	0.099161
1	0.10412
1	0.15514
1	0.097013
1	-0.066468
1	0.1537
1	0.23649
1	0.044268
1	-0.019573
1	0.17833
1	0.21646
1	0.13519
1	0.25639
1	0.17244
1	0.16539
1	-0.23254
1	0.11751
1	-0.14538
1	0.14548
1	-0.025065
1	0.11533
1	-0.21532
1	0.20554
1	0.21089
1	0.21121
1	0.2252
1	0.30844
1	0.14636
1	-0.064311
1	0.013056
1	0.24399
1	0.16723
1	0.40632
1	0.35281
1	-0.094227
1	0.09538
1	0.056176
1	0.13837
1	0.30034
1	0.15013
1	0.33927
1	0.11058
1	-0.085608
1	0.13609
1	0.31008
1	0.21701
1	0.67779
1	0.069036
1	0.25373
1	0.0023352
1	0.056388
1	0.052462
1	0.14644
1	0.10636
1	0.13302
1	0.21674
1	0.22766
1	0.39063
1	0.24169
1	0.3597
1	0.28306
1	-0.070364
1	0.27345
1	0.055091
1	0.0030554
1	-0.0032654
1	0.5342
1	0.075807
1	0.10869
1	0.028879
1	-0.038385
1	0.34297
1	0.16116
1	0.13854
1	0.087934
1	0.093276
1	0.075538
1	0.27041
1	0.18175
1	0.25417
1	0.1335
1	0.14983
1	0.058116
1	0.13389
1	0.14761
1	0.098869
1	0.17256
1	0.092784
1	0.042726
1	-0.018394
1	-0.016577
1	0.082477
1	0.0090596
1	0.0084035
1	0.13091
1	-0.01529
1	0.072203
1	0.17223
1	0.15854
1	0.22485
1	-0.017653
1	0.0022332
1	0.072834
1	0.25557
1	0.046718
1	0.21841
1	0.18587
1	0.032105
1	0.32269
1	0.24188
1	0.2285
1	0.0069676
1	0.23309
1	0.12094
1	0.25564
1	0.17489
1	-0.07026
1	-0.057988
1	0.019545
1	0.01477
1	0.22602
1	0.10852
1	-0.10094
1	-0.017902
1	0.050484
1	0.21562
1	0.20334
1	0.16232
1	-0.054413
1	0.23754
1	0.27626
1	-0.020451
1	0.04161
1	0.031465
1	0.21333
1	0.43471
1	0.13974
1	0.18118
1	0.089429
1	0.055215
1	0.22296
1	0.3159
1	0.063757
1	0.19422
1	0.24897
1	0.17903
1	0.26425
1	0.35688
1	0.023122
1	0.19593
1	-0.0048637
1	0.2677
1	0.090101
1	0.021485
1	0.025385
1	0.12378
1	0.014997
1	-2.7654e-17
1	0.00038844
1	0.090243
1	0.048814
1	0.079647
1	0
1	-0.088627
1	0.12662
1	0.20434
1	0.0058714
1	-0.0044921
1	0.016495
1	0.25812
1	0.050603
1	-3.4089e-19
1	0.15547
1	0.11094
1	0.28122
1	0.31039
1	0.23843
1	0.21093
1	0.14594
1	0.32002
1	0.20746
1	0.2478
1	0.4177
1	0.028285
1	0.42383
1	-0.0078677
1	0.024887
1	0.10131
0	0.067194
0	-0.094095
0	-0.087988
0	-0.093536
0	0.1855
0	0.12037
0	-0.03678
0	-0.099129
0	0.56902
0	-0.12398
0	-0.084419
0	0.43802
0	0.0028033
0	0.10539
0	0.09864
0	0.052161
0	0.18657
0	-0.059959
0	0.040793
0	0.23671
0	0.1404
0	-0.011546
0	-0.058728
0	0.1336
0	0.22057
0	0.26705
0	-0.16659
0	0.088531
0	0.16908
0	0.31398
0	-0.0039436
0	0.061517
0	-0.33138
0	0.12515
0	0.061257
0	-0.047814
0	0.2328
0	0.28856
0	-0.096552
0	-0.018496
0	0.044744
0	0.070319
0	-0.075001
0	0.079534
0	0.22456
0	-2.5153e-19
0	0.062467
0	0.13243
0	0.43636
0	-0.060198
0	0.044338
0	0.26197
0	-0.11601
0	0.34265
0	0.07814
0	-0.057748
0	-0.052874
0	-0.040834
0	-0.041507
0	-0.031011
0	0.066015
0	-0.084184
0	0.043991
0	0.0098358
0	-0.045333
0	0.014518
0	0.17567
0	-0.07245
0	-0.022464
0	0.052258
0	0.092971
0	0.029526
0	-0.040768
0	0.04299
0	0.13238
0	0.027399
0	0.045039
0	0.045812
0	-0.16664
0	-0.071003
0	0.13483
0	0
0	0.069667
0	0.040254
0	-0.045114
0	-0.007227
0	-0.17712
0	0.080639
0	-0.044082
0	-0.040383
0	-0.025301
0	-0.047357
0	0.20251
0	-0.29035
0	-0.031955
0	0.11763
0	-0.14398
0	0.10151
0	-0.087545
0	0.13501
0	0.16985
0	0.056034
0	0.18413
0	0.037464
0	0.26922
0	-0.018547
0	0.16326
0	-0.06258
0	0.018517
0	0.053712
0	0.095616
0	0.27697
0	0.042816
0	0.025321
0	0.017696
0	-0.037406
0	-0.052572
0	-0.082454
0	-0.037577
0	0.16103
0	0.013835
0	-0.076356
0	0.0034259
0	0.12637
0	0.033347
0	-0.037227
0	-0.034957
0	-0.012043
0	-0.080232
0	3.1533e-19
0	0.092523
0	0.17635
0	-0.092585
0	0.25458
0	-0.12383
0	0.078278
0	0
0	0.051144
0	-0.028728
0	0.095604
0	-0.01812
0	0.11248
0	0.15191
0	0.053482
0	0.11471
0	0.14629
0	0.060321
0	0
0	0.10631
0	0.22952
0	0.11655
0	0.34779
0	0.031736
0	0.13758
0	-0.048146
0	0.00069626
0	-0.0091813
0	0.071218
0	0.022848
0	-0.064163
0	0.041306
0	0.19794
0	0.066836
0	0.057742
0	-0.12522
0	0.044902
0	-0.0089306
0	-0.015553
0	0.057342
0	0.0096252
0	0.0024677
0	0.070407
0	0.090936
0	0.039316
0	0.020737
0	-0.13526
0	-0.13769
0	-0.053871
0	-0.088064
0	-0.043574
0	0.1774
0	0.04766
0	-0.15148
0	0.025267
0	-0.088404
0	-0.16795
0	0.11887
0	-0.043897
0	-0.079292
0	0.32962
0	-0.071929
0	0.076309
0	-0.18834
0	0.1049
0	-0.055543
0	0.010385
0	0.36319
0	0.28157
0	-0.043393
0	-0.02765
0	-0.057518
0	-0.020118
0	0.053726
0	0.036413
0	-0.097719
0	-0.071867
0	0.067506
0	0.12868
0	0.10303
0	0.050883
0	0.073303
0	0.001574
0	-0.0074443
0	-0.051693
0	-0.0030382
0	0.28172
0	-0.11846
0	0.041045
0	0.018049
0	-0.016979
0	-0.092916
0	0.12092
0	-0.0074419
0	-0.093182
0	-0.069962
0	0.44365
0	0.028771
0	0.025391
0	0.24254
0	0.20823
0	0.015107
0	-0.015614
0	-0.021848
0	0.022265
0	0.14226
0	-0.052982
0	0.32871
0	-0.019557
0	0.18039
0	0.013792
0	0.21552
0	0.095309
0	-0.0024239
0	-0.038566
0	0.05882
0	0.080455
0	0.065988
0	0.18951
0	0.023166
0	0.25948
0	0.58884
0	0.0093557
0	0.04599
0	-0.069164
0	0.26722
0	-6.9215e-05
0	-0.020235
0	0.18997
0	0.04413
0	0.038411
0	0.028872
0	-0.065876
0	0.013725
0	-0.077153
0	-0.00064842
0	-0.087305
0	0.067327
0	0.058198
0	0.069262
0	0.027012
0	0.07782
0	0.45212
0	0.070219
0	0.27255
0	-0.089458
0	-0.034456
0	-0.071611
0	0.066986
0	-0.024312
0	0.036702
0	-0.096019
0	-0.17641
0	0.30102
0	-0.079105
0	-0.052854
0	-0.082804
0	0.057218
0	-0.025039
0	-0.0061802
0	-0.004744
0	0.018764
0	0.029629
0	0.094456
0	0.0057367
0	-0.013489
0	-0.061277
0	0.11064
0	0.1198
0	0.23617
0	0.20105
0	-0.0092743
0	0.045874
0	0.1489
0	0.28335
0	-0.15999
0	0.023954
0	0.23015
0	0.010101
0	0.19224
0	0.1251
0	0.030559
0	0.022523
0	0.035183
0	0.17704
0	0.079996
0	0.13389
0	-0.03304
0	0.012833
0	0.060691
0	-0.046925
0	0.056664
0	0.21376
0	-0.051896
0	0.0044523
0	-0.0048331
0	-0.074171
0	-0.0081989
0	0.088
0	-0.048746
0	-0.12456
0	0.083289
0	-0.18493
0	0.012137
0	-0.053466
0	-0.12913
0	-0.10207
0	0.11747
0	-0.0052241
0	0.054462
0	0.0079544
0	-0.14944
0	0.15918
0	0.23566
0	0.099594
0	-0.019492
0	0.027945
0	0.13066
0	0.077934
0	0.08095
0	0.1354
0	0.074014
0	0.081107
0	0.079481
0	-0.15582
0	0.088204
0	0.14083
0	-0.043696
0	0.00027423
0	0.022193
0	0.15442
0	-0.04213
0	-0.047304
0	-0.0061166
0	-0.034511
0	0.097839
0	-0.10289
0	0.20031
0	-0.02004
0	-0.10908
0	-0.0063698
0	-0.040368
0	0.091022
0	-0.10713
0	0.19365
0	-0.056915
0	0.14352
0	0.0013238
0	-0.072087
0	-0.00056304
0	-0.032918
0	0.10628
0	0.1145
0	-0.016412
0	-0.10737
0	0.01396
0	-0.026764
0	-0.1907
0	0.078363
0	-0.037278
0	-0.047633
0	0.41979
0	0.095904
0	0.08959
0	0.30176
0	-0.017066
0	0.12887
0	-0.091132
0	0.045381
0	-0.017359
0	0.10813
0	0.25903
0	0.025009
0	-0.050351
0	0.033764
0	4.7099e-18
0	-0.34415
0	-0.042505
0	0.020501
0	0
0	0.25697
0	0.065577
0	-0.074008
0	0.13274
0	-0.1155
0	-0.099218
0	-0.11267
0	0.070132
0	-0.033959
0	0.040167
0	0.18364
0	0.12672
0	-0.097968
0	0.052366
0	-0.12509
0	0.016122
0	-0.11299
0	-0.016955
0	-0.12232
0	0.010252
0	0.34297
0	0.13099
0	0.10477
0	0.0068334
0	-0.11432
0	-0.028805
0	0.060343
0	0.076957
0	-0.084716
0	0.0051381
0	0.14213
0	0.28265
0	-0.020531
0	-0.066149
0	0.060166
0	-0.16959
0	-0.054844
0	0.048307
0	0.03679
0	0.0032732
0	0.11882
0	0.18066
0	-0.21454
0	0.097713
0	0.083914
0	0.042116
0	-0.0076952
0	0.26421
0	0
0	0.24654
0	0.47068
0	-0.18156
0	0.010098
0	0.067323
0	0.021847
0	-0.041572
0	-0.036839
0	0.10025
0	-0.086073
0	0.064387
0	0.10219
0	-0.12924
0	-0.09082
0	-0.083531
0	0.1335
0	-0.029485
0	0.30739
0	-0.028321
0	0.13833
0	-0.0003211
0	0.22351
0	-0.094891
0	0.12271
0	-0.043925
0	0.16822
0	-0.035182
0	0.011374
0	-0.054759
0	-0.0056131
0	0.057516
0	-0.22727
0	-0.07592
0	0.21614
0	-0.053724
0	0.028733
0	0.0024345
0	0.023859
0	0.12115
0	-0.038515
0	0.27174
0	0.086841
0	0.12867
0	-0.051106
0	-0.027344
0	0.038215
0	0.14767
0	-0.021415
0	-0.074274
0	0.26129
0	0.23565
0	0.20493
0	0.01613
0	-0.029094
0	0.29247
0	0.070083
0	0.35069
0	-0.1077
0	0.22402
0	0.17682
0	0.034116
0	0.2108
0	-0.0018401
0	0.18913
0	-0.0042627
0	0.13012
0	-0.037082
0	0.0055303
0	-0.025993
0	0.098875
0	-0.07534
0	0.15972
0	0.14209
0	-0.022491
0	0.0062394
0	0.14113
0	0.027229
0	0.090113
0	0.1227
0	0.075742
0	0.085303
0	0.021252
0	0.036179
0	0.086717
0	0.051129
0	-0.054421
0	0.092734
0	0.0069736
0	0.32672
0	0.22263
0	0.11653
0	-0.045223
0	0.10283
0	-0.019542
0	0.057549
0	-0.073282
0	0.029447
0	-0.14096
0	-0.056029
0	0.23278
0	2.2022e-05
0	0.19042
0	-0.026183
0	0.17198
0	0.1428
0	-0.062058
0	0.088081
0	-0.0040108
0	-0.079937
0	0.18222
0	0.078301
0	-0.073127
0	-0.033745
0	-0.022699
0	-0.024919
0	0.020922
0	0.0045831
0	0.13777
0	0.16326
0	0.18234
0	0.035911
0	0.029043
0	0.029785
0	-0.024397
0	-0.03567
0	0.0044326
0	-0.073602
0	-0.068256
0	0.0015319
0	-0.080993
0	0.18244
0	-0.054968
0	0.42128
0	0.15587
0	-0.08801
0	-0.11195
0	-0.040792
0	0.00041381
0	-0.053528
0	-0.0061916
0	0.059199
0	0.074001
0	-0.11879
0	0.079006
0	0.046024
0	-0.10054
0	0.075147
0	0.0041367
0	0.028241
0	0.19604
0	0.12586
0	0.45691
0	0.012043
0	0.18524
0	0.28018
0	0.32113
0	0.075905
0	-0.020296
0	-0.16977
0	0.015011
0	0.26534
0	-0.059526
0	0.0011933
0	0.025161
0	-0.14659
0	0.18756
0	0.02898
0	-0.039561
0	-0.05261
0	0.15421
0	0.15339
0	-0.0082108
0	0.19234
0	-0.050484
0	0.26983
0	0.093583
0	0.038803
0	0.03479
0	0.20462
0	-0.12298
0	-0.006879
0	0.0030664
0	-0.10234
0	0.024055
0	-0.0069029
0	-0.12418
0	-0.0020867
0	0.045472
0	0.3493
0	-0.13945
0	-0.011716
0	0.029376
0	-0.079793
0	0.18598
0	-0.03886
0	0.21871
0	-0.12217
0	0.22213
0	0.1416
0	-0.047781
0	0.19628
0	0.27548
0	0.044408
0	0.15422
0	-0.00014288
0	-0.01571
0	-0.018038
0	0.13947
0	0.04833
0	0.3689
0	-0.024633
0	0.15841
0	-0.0037022
0	-0.077473
0	-0.0057144
0	-0.06122
0	0.082613
0	0.1975
0	-0.11084
0	-0.03382
0	0.012298
0	-0.042438
0	0.11145
0	-0.037508
0	0.052125
0	-0.31845
0	-0.096876
0	0.18546
0	0.1179
0	0.066511
0	0.057361
0	-0.0048842
0	0.080001
0	0.049588
0	-0.063946
0	-0.29361
0	0.23438
0	0.067937
0	0.010673
0	0.17238
0	-0.053731
0	0.074453
0	-0.038273
0	-0.085688
0	-0.14348
0	-0.013904
0	0.19501
0	-0.13331
0	-0.054011
0	0.13066
0	0.11335
0	0.094924
0	0.076783
0	0.12002
0	-0.035851
0	6.1569e-18
0	-0.016079
0	0.19205
0	-0.00065463
0	0.064286
0	-0.065388
0	0.085266
0	0.021165
0	0.11063
0	0.021445
0	-0.13466
0	-0.0013715
0	-0.0018362
0	-0.012712
0	-0.047611
0	-0.043608
0	0.12054
0	0.074915
0	-0.098181
0	-0.11494
0	-0.016146
0	-0.024035
0	-0.11129
0	-0.093978
0	0.033214
0	0.3107
0	0.16113
0	0.1029
0	0.035522
0	-0.088229
0	-0.0012683
0	-0.18083
0	-0.10041
0	-0.047993
0	0.027865
0	0.19487
0	-0.067919
0	-0.0082738
0	0.26307
0	0.37056
0	0.30137
0	0.073941
0	0.10413
0	-0.049108
0	-0.0047336
0	0.03296
0	-0.10764
0	-0.12889
0	0.10913
0	-0.015818
0	0.060926
0	-0.042797
0	0.17392
0	0.2801
0	-0.0052646
0	0.11224
0	0.16153
0	0.035012
0	-0.00020949
0	-0.03939
0	-0.10113
0	0.12557
0	0.2708
0	-0.050476
0	-0.024102
0	0.058785
0	0.046158
0	0.47313
0	-0.059136
0	-0.11826
0	0.1667
0	0.0037432
0	0.16419
0	0.48036
0	0.18959
0	0.36096
0	-0.21946
0	-0.090617
0	0.030707
0	0.024209
0	0.07091
0	0.0089832
0	0.036457
0	0.001928
0	-0.04607
0	0.035422
0	0.0074846
0	0.14588
0	0.0016924
0	0.59104
0	-0.16112
0	0.10717
0	0.15029
0	0.57164
0	0.13602
0	-0.043046
0	-0.018861
0	0.14461
0	-0.045083
0	0.10194
0	-0.08623
0	0.16631
0	0.049687
0	0.03768
0	0.020726
0	0.16674
0	0.5898
0	0.012702
0	0.013495
0	-0.019749
0	0.09829
0	0.18164
0	-0.10128
0	-0.0018204
0	0.091389
0	0.13184
0	0.14088
0	0.078783
0	-0.078192
0	0.1849
0	-0.093702
0	0.035323
0	0.047402
0	-0.084713
0	0.10667
0	0.011229
0	-0.0090408
0	-0.016175
0	-0.075962
0	0.057862
0	0.066242
0	0.043346
0	0.080057
0	0.21089
0	0.14219
0	0.238
0	0.07619
0	-0.093291
0	0.15709
0	-0.0638
0	0.0033957
0	0.14813
0	-0.12449
0	-0.038389
0	-0.041587
0	-0.0044266
0	0.31087
0	0.14955
0	0.14182
0	-0.068411
0	0.095517
0	-0.049214
0	0.34969
0	-0.021004
0	0.043632
0	0.44659
0	-0.041466
0	-0.0035055
0	0.13093
0	0.015255
0	0.072944
0	-0.007656
0	-0.02421
0	-0.04609
0	0.0668
0	0.033495
0	0.20264
0	0.02791
0	-0.006409
0	0.0022896
0	0.11187
0	0.016521
0	0.054292
0	-0.020004
0	-0.092191
0	0.017346
0	0.1752
0	0.01683
0	-0.052876
0	0.0092729
0	-0.0039234
0	0.057317
0	-0.21521
0	0.16573
0	-0.089208
0	0.025457
0	0.056344
0	0.47217
0	0.10295
0	0.32511
0	-0.099454
0	-0.013339
0	0.032119
0	0.10462
0	0.09558
0	0.026618
0	-0.03408
0	-0.042454
0	-0.0076625
0	0.41317
0	0.16586
0	0.38655
0	0.046186
0	0.010379
0	-0.0042229
0	0.0040136
0	0.0024591
0	0.24992
0	0.41245
0	2.6589e-18
0	-0.012517
0	0.29753
0	0.11128
0	0.16431
0	0.039386
0	0.0036629
0	0.10329
0	0.14186
0	0.21854
0	-0.058907
0	-0.20826
0	-0.047
0	0.14494
0	0.41693
0	0.12805
0	0.072474
0	-0.042607
0	-0.10865
0	-0.00030817
0	-0.094885
0	-0.13157
0	0.080818
0	-0.089034
0	-0.00092656
0	0.049927
0	0.18032
0	0.23642
0	0.29936
0	0.28302
0	-0.050598
0	-0.038287
0	0.027112
0	0.031433
0	0.066064
0	0.32771
0	0.13421
0	-0.064286
0	0.072166
0	-0.034439
0	0.058202
0	-0.12595
0	0.1627
0	0.034237
0	0.0084208
0	0.16305
0	0.21379
0	0.096438
0	0.18113
0	0.059067
0	0.42254
0	-0.088834
0	-0.015846
0	0.062693
0	-0.0065319
0	-0.12728
0	0.059898
0	-0.057593
0	0.25286
0	-0.032738
0	0.27395
0	-0.13386
0	0.26624
0	0.3179
0	-0.1331
0	0.23057
0	0.018435
0	-0.22199
0	-0.10855
0	0.080694
0	0.050032
0	-0.062166
0	-0.10021
0	0.024895
0	-0.046387
0	-0.04366
0	-0.036447
0	0.031413
0	0.062971
0	-0.012985
0	0.072397
0	0.43957
0	-0.035667
0	-0.004117
0	0.026462
0	-0.13719
0	0.095735
0	0.09451
0	-0.28092
0	-0.024421
0	0.059755
0	0.015883
0	0.039666
0	-0.050789
0	0.0020782
0	0.38517
0	0.023849
0	0.42747
0	0.013225
0	-0.017572
0	0.12336
0	-0.35762
0	-0.2202
0	-0.016498
0	0.03271
0	-0.055521
0	0.076991
0	0.01578
0	0.007963
0	-0.10182
0	0.14065
0	0.19723
0	-0.084188
0	0.0038162
0	0.0033404
0	-0.037511
0	0.16001
0	0.061899
0	-0.023635
0	0.1943
0	0.088361
0	0.16589
0	0.037191
0	-0.12845
0	0.11974
0	0.32044
0	0.068457
0	-0.029343
0	0.091081
0	-0.22699
0	0.18249
0	0.048062
0	0.010552
0	0.058367
0	0.07616
0	0.24367
0	-0.014038
0	0.12289
0	0.0026584
0	-0.17222
0	0.0092406
0	0.056698
0	-0.091313
0	0.064322
0	0.016814
0	0.15372
0	-0.031397
0	-0.014047
0	-0.086797
0	0.33951
0	0.1458
0	0.12315
0	-0.10478
0	0.1115
0	-0.031924
0	0.064896
0	0.50566
0	0.015862
0	-0.087626
0	-0.055924
0	0.088668
0	0.50087
0	-0.16213
0	0.064285
0	0.011897
0	-0.046977
0	0.081892
0	0.045018
0	0.051085
0	-0.084905
0	-0.11324
0	0.025766
0	-0.057038
0	0.1648
0	0.0064486
0	-0.37359
0	0.38007
0	0.28049
0	0.047575
0	0.12774
0	-0.10129
0	0.051551
0	-0.14778
0	0.23017
0	-0.16325
0	0.13749
0	-0.039978
0	0.023028
0	0.20769
0	0.14047
0	-0.11696
0	-0.10795
0	0.048422
0	-0.21963
0	0.094815
0	-0.021072
0	-0.044499
0	-0.22813
0	0.21908
0	-0.12031
0	0.015904
0	0.068886
0	-0.024585
0	0.01415
0	0.12635
0	-0.0091693
0	-0.01682
0	0.10577
0	0.19159
0	0.062229
0	0.047145
0	0.078122
0	0.22514
0	-0.045325
0	0.21751
0	0.011549
0	0.029531
0	0.086014
0	0.14547
0	0.085746
0	-0.055928
0	-0.027973
0	-0.091098
0	-0.14535
0	0.14389
0	-0.033297
0	0.15613
0	-0.041732
0	0.10313
0	0.043244
0	-0.02212
0	-0.069668
0	0.11327
0	0.25301
0	-0.052585
0	0.010945
0	0.16796
0	0.015099
0	-0.027427
0	0.11144
0	-0.057262
0	0.049666
0	0.042415
0	0.11833
0	0.049278
0	-0.0051284
0	0.045045
0	0.20704
0	0.05624
0	-0.0048389
0	0.0030032
0	0.1085
0	0.083935
0	-0.031451
0	0.0033346
0	0.065583
0	0.21623
0	-0.023696
0	0.22463
0	0.033303
0	-0.018186
0	0.16734
0	0.041543
0	0.067021
0	-0.12082
0	-0.076493
0	0.14046
0	0.098255
0	0.014678
0	-0.014835
0	0.33225
0	0
0	0.0046606
0	0.047127
0	-0.065274
0	-0.00071234
0	0.0086138
0	0.060734
0	0.17118
0	0.0036327
0	-0.070298
0	-0.021778
0	-0.1103
0	-0.0069418
0	0.040199
0	-0.0098357
0	0.22854
0	0.12279
0	0.28088
0	-0.0066764
0	-0.034463
0	-0.082021
0	0.026857
0	-0.026317
0	-0.032052
0	0.11772
0	-0.13373
0	-0.085191
0	0.20943
0	0.054959
0	0.20796
0	0.028899
0	0.16175
0	-0.090815
0	0.25094
0	0.16029
0	0.0089544
0	0.095572
0	0.058336
0	-0.23237
0	0.02809
0	0.29096
0	0.21534
0	0.051196
0	-0.49119
0	-0.022976
0	-0.11306
0	-0.042359
0	0.063671
0	0.098185
0	0.20167
0	-0.019848
0	0.14729
0	0.020319
0	-0.011371
0	-0.069474
0	-0.087483
0	0.061682
0	0.0055809
0	0.23
0	-0.056165
0	0.075561
0	-0.013127
0	0.042758
0	0.0067892
0	0.16444
0	0.32664
0	0.10247
0	-0.09361
0	0.070687
0	-0.033523
0	-0.048075
0	0.079925
0	0.28595
0	0.11534
0	-0.019801
0	0.12031
0	-0.0030218
0	0.10295
0	0.2361
0	-0.010534
0	0.17882
0	-0.10934
0	0.11701
0	0.0047199
0	-0.06758
0	-0.036791
0	0.13689
0	0.40309
0	0.015789
0	0.025369
0	0.049604
0	-0.074276
0	0.20077
0	-0.095636
0	0.072117
0	0.13494
0	0.16826
0	0.12232
0	-0.034041
0	0.09959
0	0.098237
0	-0.063871
0	0.46956
0	0.09334
0	0.0013194
0	0.10224
0	-0.11933
0	-0.1023
0	0.075888
0	0.022705
0	-0.063618
0	-0.069108
0	0.1049
0	-0.064203
0	-0.060181
0	0.13605
0	0.0094028
0	-0.022421
0	-0.071171
0	0.098625
0	0.3313
0	-0.081895
0	0.14367
0	-0.071272
0	-0.036438
0	0.064277
0	0.17888
0	0.12404
0	0.096005
0	0.076902
0	0.0072047
0	-0.064438
0	0.13362
0	0.17552
0	0.011486
0	-0.010873
0	0.2371
0	-0.013595
0	-0.016476
0	0.0048086
0	0.087646
0	0.014472
0	-0.08417
0	0.17338
0	0.065871
0	-0.013818
0	0.20409
0	-0.25207
0	0.19996
0	0.042019
0	0.07482
0	0.044912
0	0.010422
0	0.22704
0	-0.031054
0	-0.18439
0	0.016296
0	0.022785
0	-0.051304
0	0.070667
0	0.10374
0	-0.014359
0	-0.044825
0	-0.14155
0	-0.046949
0	-0.044009
0	0.0067072
0	-0.025242
0	0.54275
0	0.073126
0	-0.094479
0	0.34714
0	0.022305
0	0.06307
0	-0.076992
0	-0.10603
0	-0.07241
0	0.011039
0	0.22406
0	-0.0099012
0	0.043949
0	-0.041085
0	0.0017707
0	0.014152
0	0.025515
0	0.077462
0	0.068526
0	0.057384
0	0.11954
0	-0.17833
0	0.0082555
0	0.04256
0	-0.062048
0	-0.022786
0	0.082723
0	0.22697
0	-0.07144
0	-0.028788
0	-0.12067
0	0.0043051
0	0.15229
0	-0.020886
0	0.37764
0	0.18275
0	0.043451
0	-0.036923
0	0.1094
0	-0.1803
0	0.037039
0	0.059016
0	-0.031053
0	0.11704
0	0.35511
0	0.15685
0	0.039096
0	0.12237
0	0.075734
0	-0.16975
0	0.24389
0	-0.22127
0	-0.062169
0	-0.043319
0	0.12279
0	0.13343
0	-0.010207
0	0.25731
0	0.10354
0	-0.15764
0	-0.05254
0	0.011044
0	-0.054662
0	-0.14518
0	-0.050185
0	0.069984
0	0.17434
0	-0.041164
0	-0.060983
0	0.10127
0	0.094616
0	0.094904
0	-0.035625
0	0.042347
0	-0.15348
0	0.068694
0	0.14886
0	0.17898
0	0.13272
0	0.038994
0	-0.031187
0	-0.010724
0	-0.057025
0	0.040008
0	-0.043005
0	-0.033824
0	0.071561
0	0.0092865
0	0.13543
0	-0.017483
0	0.048845
0	0.017572
0	-0.0055299
0	0.2698
0	-0.0010928
0	0.017198
0	0.059229
0	0.033293
0	-0.0007214
0	0.1316
0	0.025459
0	0.20375
0	-0.062108
0	-0.0058103
0	0.15995
0	0.079974
0	0.21052
0	-0.016219
0	-0.0027984
0	0.084176
0	0.41728
0	-0.017752
0	-0.00019535
0	-0.077012
0	0.047481
0	-0.051742
0	-0.0070227
0	-0.028905
0	0.0011691
0	0.020387
0	0.37115
0	0.30879
0	-0.11019
0	-0.032375
0	0.12903
0	0.025122
0	0.0028986
0	0.59451
0	0.2381
0	0.12735
0	-0.081747
0	0.063885
0	0.063884
0	0.061268
0	0.0536
0	0.12787
0	0.10347
0	0.035522
0	-0.21704
0	0.14352
0	0.14832
0	-0.19431
0	-0.045931
0	-0.11541
0	-0.088688
0	-6.4135e-05
0	-0.076991
0	0.098394
0	-0.021887
0	-0.022189
0	0.077162
0	0.20533
0	0.062703
0	0.038205
0	-0.12875
0	0.099465
0	-0.056057
0	-0.057629
0	0.22184
0	0.18797
0	-0.11547
0	0.0040112
0	0.097042
0	0.040036
0	-0.029971
0	0.10275
0	-0.044397
0	0.025246
0	0.085693
0	0.02262
0	-0.14224
0	0.097964
0	-0.049877
0	-0.036762
0	0.25706
0	0.03505
0	-0.038494
0	0.070019
0	-0.0016801
0	-0.0067648
0	0.026178
0	0.038842
0	0.062535
0	0.040426
0	0.064631
0	-0.0094021
0	-0.084997
0	-0.13815
0	-0.02052
0	-0.08082
0	0.083828
0	0.035634
0	0.066048
0	-0.016173
0	0.17149
0	-0.0047983
0	0.23111
0	0.039817
0	0.27494
0	-0.04734
0	-0.10685
0	-0.037824
0	-0.1852
0	-0.16615
0	-0.069326
0	-0.080477
0	-0.0021713
0	0.24055
0	-0.06984
0	-0.17511
0	-0.25407
0	-0.039471
0	-0.18168
0	0.10125
0	0.064562
0	0.13504
0	-0.024476
0	0.020478
0	0.044257
0	0.21194
0	-0.0054947
0	0.088609
0	0.0137
0	0.1129
0	0.013408
0	0.26108
0	-0.099452
0	0.068778
0	-0.021407
0	-0.038358
0	-0.016004
0	-0.026062
0	0.068936
0	-0.078799
0	-0.02753
0	0.11088
0	-0.00083926
0	-0.069385
0	-0.017666
0	0.11234
0	0.061688
0	0.035043
0	0.30637
0	0.057428
0	0.26628
0	0.08124
0	-0.073956
0	0.058947
0	-0.036198
0	0.0073155
0	0.03048
0	0.15935
0	0.29
0	0.22368
0	-0.082509
0	0.020185
0	0
0	-0.043391
0	0.011464
0	0.13149
0	-0.037314
0	0.26615
0	-0.17028
0	0.0051139
0	-0.026839
0	0.045887
0	-0.083564
0	-0.019052
0	0.11802
0	0.061764
0	-0.06376
0	0.50152
0	0.12428
0	0.13515
0	0.16192
0	0.10966
0	0.18281
0	-0.25905
0	0.11283
0	0.22059
0	0.17446
0	0.031257
0	-0.023731
0	0.096632
0	0.010356
0	0.31642
0	-0.03478
0	-0.018199
0	0.086115
0	0.027256
0	0.12503
0	-0.025398
0	-0.14595
0	-0.057685
0	0.036904
0	-0.03029
0	0.22576
0	-0.086362
0	0.083922
0	0.088745
0	0.012272
0	0.13322
0	0.049278
0	-0.078993
0	-0.054436
0	-0.047807
0	-0.042416
0	0.055191
0	0.047485
0	0.35521
0	-0.038947
0	-0.051313
0	0.027018
0	-0.16825
0	0.15818
0	-0.091249
0	0.06096
0	-0.15529
0	0.025525
0	0.13398
0	0.14081
0	-0.013127
0	0.05321
0	0.039665
0	-0.056113
0	-0.021372
0	-0.13886
0	-0.014357
0	-0.10982
0	0.20414
0	0.053252
0	0.080538
0	-0.078847
0	0.060275
0	-0.012083
0	-0.011381
0	0.0087517
0	0.027652
0	0.0033361
0	0.50806
0	0.12423
0	0.40809
0	-0.031981
0	-0.079387
0	0.41306
0	-0.010562
0	-0.10244
0	0.073736
0	0.089974
0	-0.18434
0	-0.047879
0	-0.065293
0	-0.0055865
0	-0.027552
0	0.093451
0	-0.067361
0	-0.1158
0	0.43812
0	0.52416
0	0.19135
0	0.29569
0	0.026813
0	0.046626
0	-0.044765
0	0.2228
0	-0.090027
0	0.37489
0	-0.086114
0	0.22561
0	0.020837
0	-0.10168
0	0.18521
0	-0.067902
0	-0.025703
0	0.017436
0	0.15386
0	0.017619
0	0.16717
0	0.18782
0	0.17536
0	-0.013253
0	0.17016
0	-0.11185
0	0.074706
0	0.020782
0	-0.17562
0	-0.0094149
0	-0.0010382
0	0.022485
0	0.059345
0	0.1312
0	0.056702
0	0.12328
0	0.37321
0	-0.016988
0	-0.017373
0	-0.027674
0	0.11966
0	-0.035254
0	0.01123
0	0.025966
0	-0.18397
0	0.36912
0	0.18558
0	0.07358
0	0.21316
0	0.11355
0	0.010349
0	-0.054246
0	0.13914
0	0.48397
0	-0.05338
0	0.40906
0	0.23111
0	0.11052
0	0.12944
0	0.2868
0	0.11701
0	0.033495
0	-0.022058
0	2.2898e-18
0	0.097359
0	-0.14435
0	-0.056491
0	-0.20897
0	-0.050901
0	0.23839
0	-0.11923
0	0.19169
0	0.24455
0	0.046683
0	0.10404
0	-0.13161
0	0.035104
0	-0.013482
0	-0.013942
0	0.024363
0	-0.043911
0	-0.058929
0	-0.12587
0	-0.11274
0	0.070014
0	-0.41786
0	0.051307
0	0.023258
0	0.096979
0	0.086376
0	0.038162
0	-0.034814
0	0.27699
0	0.15933
0	0.00776
0	0.18106
0	-0.18439
0	0.17938
0	0.015818
0	-0.058683
0	0.26327
0	-0.015801
0	0.10924
0	-0.10489
0	0.036836
0	0.0020049
0	0.025337
0	0.093297
0	-0.0099525
0	0.065929
0	-0.082547
0	0.030524
0	0.0059927
0	0.011174
0	0.18298
0	-0.033388
0	-0.068388
0	-0.053645
0	0.016847
0	0.21193
0	-0.13549
0	0.060086
0	-0.016306
0	-0.29587
