1	0.48118
1	0.29674
1	0.64958
1	0.52991
1	0.53253
1	0.38217
1	0.61047
1	0.49437
1	0.1378
1	0.041142
1	0.36508
1	0.51763
1	0.44555
1	0.23068
1	0.53816
1	0.1741
1	0.034796
1	0.28683
1	0.37355
1	0.22481
1	0.41468
1	-0.028012
1	0.062279
1	0.35404
1	0.10462
1	-0.073473
1	0.018219
1	0.18184
1	0.33288
1	0.09937
1	0.35762
1	0.35362
1	0.41639
1	0.44171
1	0.18901
1	0.029614
1	0.02413
1	0.22953
1	0.10865
1	0.079546
1	0.35797
1	0.16865
1	0.63485
1	0.20059
1	0.51976
1	0.34367
1	0.22936
1	0.7022
1	0.42404
1	0.39017
1	0.47945
1	0.31292
1	0.20328
1	0.40523
1	0.40232
1	0.38471
1	0.074018
1	0.13167
1	0.32715
1	0.18873
1	0.31577
1	0.09643
1	0.23092
1	0.38084
1	0.38171
1	0.020329
1	0.17258
1	0.16991
1	0.56418
1	0.057168
1	0.43843
1	0.23029
1	0.53081
1	0.61389
1	0.28923
1	0.22471
1	0.62054
1	0.19734
1	0.48159
1	0.15956
1	0.48723
1	-0.0020768
1	0.51909
1	0.081234
1	0.21519
1	0.4918
1	0.70666
1	0.35053
1	-0.20583
1	0.27261
1	0.37801
1	0.11217
1	0.16402
1	0.29214
1	0.48945
1	0.7759
1	0.87971
1	0.21038
1	0.45695
1	0.31174
1	0.19906
1	0.27902
1	0.69563
1	0.058451
1	0.6276
1	0.41752
1	0.33345
1	0.73379
1	0.39482
1	0.0075618
1	0.68697
1	0.83691
1	0.56575
1	0.38898
1	0.25006
1	-0.014166
1	0.29556
1	0.057207
1	0.44738
1	0.22902
1	-0.30241
1	0.41616
1	0.5369
1	0.27786
1	0.28857
1	0.99992
1	0.30849
1	0.58754
1	0.24355
1	0.75373
1	0.3236
1	0.49488
1	0.30726
1	0.10624
1	0.11003
1	-0.078293
1	0.079325
1	0.62908
1	0.47529
1	0.029959
1	0.42738
1	-0.0012937
1	0.21575
1	0.18357
1	0.065699
1	0.48193
1	0.58304
1	0.43122
1	0.23861
1	0.45036
1	0.17052
1	0.44942
1	0.032805
1	0.19551
1	-0.010456
1	0.31813
1	0.23307
1	0.8064
1	0.37153
1	0.1117
1	0.40247
1	0.02002
1	-0.063046
1	0.025995
1	0.65437
1	0.063385
1	0.25038
1	0.27272
1	0.33084
1	0.38282
1	0.48843
1	0.56158
1	0.8421
1	0.47473
1	0.11607
1	0.17782
1	0.40702
1	0.17208
1	-0.0017873
1	0.32528
1	0.19171
1	0.2427
1	0.22831
1	0.30545
1	0.45049
1	0.18846
1	0.063268
1	0.4082
1	0.57619
1	0.36993
1	0.43421
1	0.36815
1	0.14634
1	0.27319
1	0.53138
1	0.077679
1	0.18092
1	0.34137
1	0.48287
1	0.40366
1	0.24957
1	0.47531
1	0.63455
1	0.45427
1	0.23748
1	0.4251
1	0.27453
1	0.21045
1	0.26229
1	0.13957
1	0.54983
1	0.11663
1	0.47087
1	0.59658
1	0.36778
1	0.58866
1	0.086087
1	0.32281
1	0.62107
1	0.40002
1	0.26371
1	0.51396
1	0.51992
1	0.39289
1	0.12108
1	0.034096
1	0.6628
1	0.61606
1	0.46768
1	0.16536
1	0.59882
1	0.79567
1	0.22846
1	0.19558
1	0.67738
1	0.45348
1	0.70322
1	0.29984
1	-0.065951
1	0.15552
1	0.057899
1	0.37284
1	0.16952
1	0.075986
1	0.28844
1	0.40817
1	0.70617
1	0.37788
1	0.20246
1	0.7216
1	0.13442
1	0.43043
1	0.37112
1	0.55821
1	0.42452
1	0.53308
1	0.33227
1	0.10474
1	0.3359
1	0.4238
1	0.15118
1	0.67386
1	0.24332
1	0.5368
1	0.2073
1	0.47564
1	0.52344
1	0.35352
1	0.296
1	0.35405
1	0.31935
1	-0.0061637
1	0.76277
1	0.33542
1	0.588
1	0.44286
1	0.097179
1	0.24835
1	0.47473
1	0.36378
1	0.054711
1	0.38991
1	0.18646
1	0.23397
1	0.31416
1	0.19075
1	0.1952
1	0.23829
1	0.074459
1	0.4882
1	0.68805
1	0.11235
1	0.011178
1	0.11387
1	0.52571
1	0.20057
1	0.33028
1	0.25341
1	0.55772
1	0.35418
1	0.52886
1	0.34311
1	0.2904
1	0.13228
1	0.47202
1	0.72612
1	0.47633
1	0.70925
1	0.47462
1	0.60336
1	0.81274
1	0.50087
1	0.78985
1	-0.17328
1	0.68134
1	0.41264
1	0.48334
1	0.69952
1	0.53517
1	0.40001
1	0.13711
1	0.26223
1	0.21021
1	0.53173
1	0.65122
1	0.20052
1	0.57398
1	0.87405
1	0.36882
1	0.23906
1	0.10868
1	0.93094
1	0.38483
1	0.061787
1	-0.068051
1	0.42767
1	0.48776
1	0.61038
1	0.64546
1	0.47906
1	0.0037982
1	-0.18772
1	0.35314
1	0.39429
1	0.18933
1	0.24284
1	0.73077
1	0.85275
1	0.72641
1	0.55386
1	0.068245
1	0.63326
1	0.49701
1	0.23389
1	0.82636
1	0.60923
1	0.47989
1	0.28782
1	0.81086
1	0.29499
1	0.67093
1	0.23851
1	0.10399
1	0.13421
1	0.27018
1	0.46721
1	0.59227
1	0.62716
1	0.12705
1	-0.24528
1	0.55022
1	0.24551
1	0.66965
1	0.15387
1	-0.016331
1	0.21891
1	0.12614
1	0.046271
1	0.42758
1	0.2106
1	0.0060249
1	-0.10818
1	0.015469
1	0.45169
1	-0.034164
1	0.33996
1	0.40706
1	0.52638
1	0.20344
1	0.33499
1	0.21162
1	0.1412
1	0.087661
1	0.0021639
1	-0.035232
1	0.092868
1	0.41993
1	0.43559
1	0.56949
1	0.89049
1	0.33633
1	0.34874
1	0.61315
1	0.30838
1	0.37056
1	0.10342
1	-0.17237
1	-0.017402
1	0.00012964
1	0.16893
1	0.099656
1	0.46752
1	0.26317
1	0.51031
1	0.5885
1	0.015945
1	0.90973
1	-0.027576
1	0.17394
1	0.45352
1	0.58843
1	0.71483
1	-0.032343
1	0.061866
1	0.45845
1	0.28829
1	0.4225
1	0.50421
1	0.13965
1	0.036524
1	0.14553
1	0.39347
1	0.13945
1	0.32846
1	0.39685
1	0.3548
1	0.36531
1	-0.016436
1	0.17778
1	0.11484
1	0.36418
1	0.11979
1	0.045338
1	0.73155
1	0.19724
1	-0.030812
1	0.12604
1	0.34122
1	0.24391
1	0.77848
1	0.55758
1	0.46013
1	0.68752
1	1.0014
1	0.36252
1	0.62642
1	0.36883
1	0.6916
1	0.42006
1	0.56351
1	0.51046
1	0.15886
1	0.46161
1	0.47905
1	0.5336
1	0.66809
1	0.46352
1	0.29056
1	0.44817
1	0.34682
1	-0.015631
1	0.63866
1	0.38799
1	0.24052
1	0.28037
1	0.1621
1	0.87324
1	0.50512
1	0.73959
1	0.64628
1	0.37176
1	0.1242
1	0.19163
1	0.55287
1	0.30962
1	0.52775
1	0.14089
1	0.11622
1	0.37158
1	0.43866
1	0.66485
1	0.60776
1	0.74755
1	0.40084
1	0.5129
1	0.49522
1	0.50676
1	-0.086917
1	-0.29328
1	0.22495
1	0.096952
1	0.10279
1	0.21611
1	0.2909
1	0.584
1	0.32974
1	0.45327
1	0.59579
1	0.59807
1	0.5243
1	0.68483
1	0.15203
1	0.52598
1	0.23287
1	0.0115
1	0.39722
1	0.76396
1	0.51613
1	0.39113
1	0.35659
1	0.49306
1	0.64766
1	0.62033
1	0.95632
1	0.59541
1	0.67516
1	0.57061
1	0.17514
1	0.27082
1	0.4301
1	0.75646
1	0.20972
1	0.28162
1	0.027831
1	0.082686
1	0.5592
1	0.22524
1	0.5382
1	0.23438
1	0.46859
1	0.25249
1	0.18363
1	0.14269
1	0.30894
1	0.2474
1	0.16162
1	-0.036955
1	0.086386
1	0.29226
1	0.060233
1	0.17717
1	0.15926
1	0.21291
1	0.38241
1	0.45762
1	0.17488
1	0.64392
1	0.24673
1	0.5986
1	0.77478
1	0.30865
1	0.29853
1	0.51825
1	0.28558
1	0.66265
1	0.8393
1	0.65523
1	0.341
1	0.11737
1	0.36318
1	0.3119
1	0.18984
1	0.26471
1	0.50614
1	0.22091
1	0.43878
1	0.094832
1	0.064347
1	0.57351
1	0.0031402
1	0.71363
1	0.5156
1	0.30676
1	0.16247
1	0.64487
1	0.6701
1	0.60573
1	0.37235
1	0.56141
1	0.20637
1	0.015389
1	0.43107
1	0.017559
1	0.22693
1	-0.10707
1	0.086564
1	0.41014
1	0.40026
1	0.39119
1	0.20022
1	0.39529
1	0.4698
1	0.076857
1	0.58028
1	0.74253
1	0.25191
1	0.66167
1	0.41495
1	0.30311
1	0.19785
1	0.30309
1	0.30238
1	0.37419
1	0.19716
1	0.13582
1	0.45889
1	0.34498
1	0.5077
1	0.083148
1	0.2518
1	0.2674
1	0.11683
1	0.10358
1	0.50507
1	0.59886
1	0.93058
1	0.11791
1	0.64957
1	0.17735
1	0.53107
1	0.96026
1	0.86205
1	-0.026742
1	0.82377
1	0.53634
1	0.59647
1	0.71491
1	0.20138
1	0.67722
1	0.3801
1	0.28953
1	0.65132
1	0.51936
1	0.42023
1	0.25094
1	0.56425
1	0.23565
1	0.39522
1	0.36516
1	0.27486
1	0.21503
1	0.56761
1	0.38701
1	0.51426
1	0.19015
1	0.30278
1	0.28226
1	0.41527
1	0.27168
1	0.27533
1	0.569
1	0.50504
1	0.13643
1	0.084519
1	0.080569
1	0.592
1	0.47427
1	0.57987
1	0.3011
1	0.13055
1	0.62319
1	0.33922
1	0.066546
1	0.16403
1	0.26231
1	0.49544
1	0.44581
1	0.54129
1	0.22403
1	0.10757
1	0.06238
1	0.666
1	0.55273
1	0.23717
1	0.24328
1	0.25611
1	0.44274
1	0.8044
1	0.21489
1	0.75625
1	0.4301
1	0.6997
1	0.010471
1	0.17896
1	0.094408
1	0.32153
1	0.6621
1	0.46265
1	0.027121
1	0.19056
1	0.12657
1	-0.081798
1	0.15235
1	0.12585
1	0.12568
1	0.30171
1	0.46933
1	0.30144
1	0.32876
1	0.165
1	0.40705
1	0.21258
1	0.34812
1	0.29887
1	0.55232
1	0.10855
1	0.42248
1	0.23934
1	0.17349
1	0.13382
1	0.077655
1	0.13137
1	0.58188
1	0.22654
1	0.42885
1	0.30178
1	0.063772
1	0.26215
1	0.56543
1	0.38377
1	0.36188
1	0.3277
1	0.68137
1	0.24688
1	0.20347
1	0.20527
1	0.13104
1	0.39982
1	0.43784
1	0.25156
1	0.14794
1	0.072701
1	0.3365
1	0.42904
1	0.24126
1	0.11287
1	-0.10021
1	0.25241
1	0.091416
1	0.18776
1	0.18904
1	0.45714
1	0.10747
1	0.057151
1	0.43865
1	0.34853
1	-0.067894
1	0.40237
1	0.14669
1	-0.0078098
1	0.25655
1	0.30832
1	-0.16152
1	0.3719
1	0.22705
1	0.39005
1	0.3072
1	0.25319
1	0.10479
1	0.25894
1	0.28092
1	0.3037
1	0.15288
1	0.35707
1	0.52751
1	0.18246
1	0.38827
1	0.39751
1	0.4176
1	0.49218
1	0.27044
1	0.01556
1	0.17354
1	0.29283
1	0.12187
1	0.088252
1	-0.021956
1	0.59729
1	-0.016963
1	0.41529
1	0.48112
1	0.37093
1	0.35598
1	0.094352
1	0.28736
1	0.059521
1	0.0015284
1	0.27051
1	0.062296
1	0.72089
1	0.34362
1	0.6345
1	0.24999
1	0.33448
1	0.08799
1	0.21634
1	0.18213
1	0.23256
1	0.26882
1	0.29301
1	0.42296
1	0.32255
1	0.0047779
1	0.065294
1	0.41541
1	0.078726
1	0.010914
1	-0.023822
1	0.23106
1	0.28745
1	0.79408
1	0.29
1	0.043777
1	0.34649
1	0.32042
1	0.076249
1	0.59557
1	0.35927
1	0.039318
1	0.16771
1	-0.14467
1	0.20589
1	0.5865
1	0.31732
1	0.21598
1	0.40927
1	0.0053405
1	0.27017
1	0.15837
1	0.16241
1	0.23201
1	0.07721
1	0.049718
1	-0.1693
1	0.35318
1	0.27187
1	0.15476
1	0.34248
1	0.15777
1	0.10746
1	0.083467
1	0.53952
1	0.54762
1	-0.0034552
1	0.48823
1	0.35218
1	0.30576
1	0.52787
1	0.6099
1	0.24669
1	0.23688
1	0.36729
1	0.17063
1	0.8426
1	0.17046
1	0.52072
1	0.45437
1	0.77718
1	0.72307
1	0.48994
1	0.26392
1	0.72189
1	0.55784
1	0.29127
1	0.71889
1	0.51741
1	0.31496
1	0.59007
1	0.3147
1	0.4374
1	0.51768
1	0.11538
1	0.14894
1	0.40493
1	0.11374
1	0.50387
1	0.2799
1	0.27
1	0.32759
1	0.58429
1	-0.035542
1	0.49845
1	0.51686
1	0.013194
1	0.76723
1	0.15553
1	0.7603
1	0.22026
1	0.21431
1	0.65299
1	0.46667
1	0.28268
1	0.19668
1	0.21702
1	0.25479
1	0.42197
1	0.62059
1	-0.061955
1	0.40671
1	0.31818
1	0.33394
1	0.37672
1	0.21821
1	0.44798
1	0.17868
1	0.1261
1	-0.069486
1	0.482
1	0.39253
1	0.26682
1	0.68975
1	-0.10623
1	0.53216
1	0.44096
1	0.58743
1	0.66888
1	0.044288
1	0.22326
1	-0.19041
1	0.092835
1	0.24657
1	0.24287
1	0.26168
1	0.13306
1	0.40928
1	0.18895
1	0.52919
1	0.21091
1	0.88079
1	-0.084243
1	0.29949
1	-0.1041
1	-0.16909
1	0.66545
1	0.24991
1	0.56693
1	0.5494
1	0.34385
1	0.63356
1	0.61545
1	0.17633
1	0.58049
1	0.50833
1	0.55656
1	0.34795
1	0.23218
1	0.71897
1	0.42262
1	0.33846
1	0.59778
1	0.22988
1	-0.036039
1	0.32995
1	0.37764
1	0.29063
1	0.24681
1	0.14872
1	0.31576
1	0.46281
1	0.30465
1	0.27868
1	0.23049
1	0.24856
1	0.11934
1	0.10883
1	0.30967
1	0.046338
1	0.11764
1	0.053826
1	0.20474
1	0.83506
1	0.3865
1	0.49138
1	0.26482
1	0.61482
1	0.58482
1	0.099697
1	0.44582
1	0.56199
1	0.32371
1	0.42446
1	0.1417
1	0.18656
1	0.26702
1	-0.11974
1	0.39462
1	0.65642
1	0.60006
1	0.44593
1	0.39687
1	0.33769
1	0.62633
1	0.62845
1	0.40802
1	0.67648
1	0.62317
1	0.30693
1	0.77655
1	0.47921
1	0.61264
1	0.40448
1	-0.12238
1	0.21444
1	0.086762
1	0.44395
1	0.1539
1	0.61678
1	0.16723
1	0.61677
1	0.70066
1	0.49214
1	0.84514
1	0.02144
1	0.44741
1	0.69464
1	0.73877
1	0.27999
1	0.34283
1	0.17578
1	0.28695
1	0.34305
1	0.58414
1	0.54222
1	0.56927
1	-0.040729
1	0.53633
1	0.58896
1	0.3203
1	0.30447
1	0.32186
1	0.19237
1	0.37727
1	0.21311
1	0.40062
1	0.06122
1	0.46434
1	0.29743
1	0.49456
1	0.33178
1	0.3049
1	0.50524
1	0.29886
1	-0.050778
1	0.023456
1	0.29507
1	0.47811
1	0.14396
1	-0.036764
1	-0.0046713
1	0.11652
1	0.04776
1	-0.0020868
1	-0.0078777
1	0.34688
1	-0.036534
1	0.43035
1	0.055024
1	0.42803
1	0.21905
1	0.38419
1	0.27786
1	0.20778
1	0.15731
1	0.16098
1	0.48063
1	0.37336
1	0.34003
1	0.41988
1	0.46958
1	0.34051
1	0.39643
1	0.34511
1	0.1801
1	0.30962
1	0.11763
1	0.51749
1	0.30641
1	0.47282
1	0.33673
1	0.20883
1	0.47005
1	0.38735
1	0.25959
1	0.48533
1	0.44148
1	0.22899
1	0.4876
1	0.092652
1	0.32796
1	0.23303
1	0.67409
1	0.47508
1	0.67184
1	0.27519
1	0.59308
1	-0.080142
1	0.34994
1	0.72982
1	0.25885
1	0.83063
1	0.25096
1	0.29891
1	0.36338
1	0.33169
1	0.19826
1	0.096263
1	0.055593
1	0.1736
1	0.68514
1	0.23328
1	0.071566
1	0.35456
1	0.61064
1	0.45971
1	0.3367
1	0.3114
1	0.27225
1	0.32739
1	0.36561
1	0.63707
1	0.56684
1	0.20425
1	0.096614
1	0.31939
1	-0.14931
1	0.46891
1	0.090785
1	0.1195
1	0.2307
1	0.12911
1	0.10515
1	0.081191
1	0.22872
1	0.2258
1	0.34011
1	0.21582
1	0.3382
1	0.15729
1	0.36451
1	0.40997
1	0.061923
1	0.0013367
1	-0.26116
1	0.091261
1	0.23368
1	0.014833
1	0.34925
1	0.21286
1	0.18511
1	0.24121
1	-0.059923
1	0.58965
1	0.37711
1	0.54558
1	0.3029
1	0.44635
1	0.24505
1	0.59236
1	0.24201
1	0.31366
1	0.095954
1	0.20635
1	0.24389
1	0.15038
1	0.33838
1	0.41598
1	0.091939
1	0.18509
1	0.3809
1	0.16318
1	0.099393
1	0.23459
1	0.10166
1	0.28055
1	0.13567
1	0.21128
1	0.2655
1	0.73478
1	0.41959
1	-0.015794
1	0.25656
1	0.085507
1	0.26706
1	0.44698
1	0.57232
1	0.49789
1	0.13457
1	0.37793
1	-0.079926
1	0.096362
1	0.22897
1	0.24584
1	0.35515
1	0.23154
1	0.16004
1	0.38414
1	0.15913
1	0.31392
1	0.746
1	0.30978
1	0.16976
1	0.30018
1	0.14138
1	0.10398
1	0.59788
1	0.45392
1	0.48858
1	0.05239
1	0.37318
1	0.17887
1	-0.067609
1	0.036558
1	0.15113
1	0.08858
1	0.057139
1	-0.021987
1	0.19449
1	0.38684
1	0.33575
1	-0.032451
1	0.18713
1	0.22236
1	0.59443
1	0.14944
1	0.30983
1	0.11661
1	0.13776
1	0.35927
1	0.13257
1	0.44388
1	0.13267
1	0.46526
1	0.40722
1	0.4032
1	0.2265
1	0.14757
1	0.15658
1	0.22992
1	0.30679
1	0.15252
1	0.33625
1	0.12678
1	-0.14251
1	0.33565
1	0.34453
1	0.27218
1	0.35891
1	0.24132
1	0.48318
1	0.31195
1	0.25298
1	0.27996
1	0.13132
1	0.37187
1	0.33909
1	0.28227
1	0.14937
1	0.10411
1	0.07357
1	0.047651
1	0.33809
1	0.49856
1	0.39861
1	0.19173
1	0.60059
1	0.54155
1	0.13264
1	0.021
1	0.38578
1	0.1151
1	0.012031
1	0.033509
1	0.23027
1	0.44691
1	0.1724
1	0.21686
1	0.43631
1	0.29021
1	0.22057
1	0.30215
1	-0.021716
1	0.56416
1	0.48486
1	0.22533
1	0.36768
1	0.16239
1	0.49004
1	0.22191
1	0.38015
1	0.22035
1	0.030601
1	0.041511
1	0.425
1	0.17416
1	0.28263
1	0.023801
1	0.12209
1	0.23332
1	0.19768
1	0.099112
1	0.16664
1	0.28595
1	0.34316
1	0.32938
1	0.32172
1	0.33261
1	0.32295
1	0.2109
1	0.11677
1	0.36336
1	0.22443
1	0.20079
1	-0.16303
1	0.5111
1	0.2094
1	0.066228
1	0.72371
1	0.0093069
1	0.25359
1	0.12779
1	0.25069
1	0.30049
1	0.13057
1	0.074162
1	0.14762
1	0.010167
1	-0.043097
1	0.049813
1	0.41121
1	0.32074
1	-0.050616
1	0.24655
1	0.182
1	-0.10763
1	0.026305
1	0.091271
1	0.31949
1	0.28776
1	0.20706
1	0.10486
1	-0.43941
1	0.10362
1	0.24038
1	0.1323
1	0.204
1	0.17738
1	0.10685
1	0.175
1	-0.010569
1	0.21754
1	0.21339
1	0.33325
1	0.44826
1	0.21364
1	0.24054
1	0.34463
1	0.41623
1	0.24234
1	0.14147
1	0.1968
1	0.14658
1	0.24509
1	0.077867
1	-0.18316
1	0.079095
1	-0.040458
1	0.14056
1	0.41072
1	0.55801
1	0.065615
1	0.52847
1	0.049426
1	0.13233
1	0.30552
1	0.5695
1	0.34044
1	0.10029
1	0.077818
1	0.30164
1	0.061054
1	0.35054
1	0.44589
1	0.14785
1	0.4521
1	0.54398
1	0.52249
1	0.080084
1	0.2642
1	0.2845
1	0.083537
1	0.064908
1	0.23173
1	0.14839
1	0.12619
1	-0.033479
1	0.13561
1	0.15813
1	0.147
1	0.11078
1	0.16836
1	0.017105
1	0.3471
1	0.13363
1	0.0090188
1	0.2407
1	0.35443
1	0.13351
1	0.50876
1	0.27496
1	0.11058
1	0.35566
1	0.097639
1	0.27844
1	0.11341
1	0.013379
1	0.17943
1	0.0022621
1	0.2265
1	0.21573
1	0.09661
1	0.56123
1	0.44547
1	0.4639
1	0.044585
1	0.32142
1	-0.031698
1	0.10189
1	0.23003
1	0.40426
1	0.079623
1	0.61585
1	0.31068
1	0.58257
1	0.5165
1	0.47748
1	0.3279
1	0.34561
1	0.35622
1	0.27201
1	-0.0033137
1	0.45311
1	0.42481
1	0.7453
1	0.50813
1	0.10117
1	0.44394
1	0.1288
1	-0.020983
1	0.35123
1	0.74916
1	0.057345
1	0.60154
1	0.45451
1	0.52082
1	0.44622
1	0.40836
1	0.26906
1	0.22897
1	0.59724
1	0.28587
1	0.29559
1	0.48468
1	0.41092
1	-0.081131
1	0.64928
1	0.067486
1	0.151
1	0.16593
1	0.085489
1	0.18312
1	0.57547
1	0.18298
1	0.50825
1	0.047995
1	0.14776
1	0.34181
1	0.1898
1	0.10026
1	-0.12396
1	0.17731
1	0.23829
1	0.20554
1	0.065222
1	0.28515
1	0.24851
1	0.47836
1	0.90536
1	0.3771
1	0.086505
1	0.62917
1	0.37271
1	0.23946
1	0.20827
1	0.16981
1	0.072185
1	0.22149
1	0.42576
1	0.45115
1	0.49108
1	0.011374
1	0.30927
1	0.3092
1	0.14093
1	0.28802
1	0.32159
1	0.46935
1	0.14551
1	-0.047743
1	0.10236
1	0.26139
1	0.2241
1	0.15023
1	0.11566
1	0.086801
1	0.3131
1	0.15103
1	0.55313
1	0.26544
1	0.474
1	0.25534
1	0.17711
1	0.20757
1	0.61573
1	-0.0050774
1	0.50901
1	0.62156
1	0.55524
1	0.21583
1	0.5963
1	0.35682
1	0.32825
1	0.2341
1	0.47441
1	0.33689
1	0.069624
1	0.37684
1	0.13183
1	0.21561
1	-0.10516
1	-0.06429
1	0.51076
1	0.48602
1	0.26307
1	0.38546
1	0.267
1	0.18669
1	0.033681
1	-0.13284
1	0.17497
1	0.10504
1	0.080152
1	0.28201
1	0.009635
1	0.42838
1	0.022363
1	0.38213
1	0.17888
1	0.07911
1	0.36363
1	-0.023151
1	0.30626
1	0.52281
1	0.068754
1	0.14684
1	0.1813
1	0.44889
1	0.42593
1	0.20698
1	0.053845
1	0.034219
1	0.26338
1	0.28932
1	0.25024
1	0.046385
1	0.097353
1	0.16879
1	0.24001
1	0.47894
1	0.2079
1	0.2087
1	0.20159
1	0.317
1	0.49272
1	0.25202
1	0.10187
1	0.27344
1	0.74277
1	0.2713
1	0.34824
1	0.46692
1	0.38325
1	0.10899
1	0.077343
1	0.13757
1	0.16482
1	0.15289
1	0.29231
1	0.016102
1	0.18374
1	0.38731
1	0.12333
1	0.021867
1	-0.019851
1	0.11131
1	0.016074
1	0.13949
1	-0.0051528
1	-0.16634
1	-0.022337
1	-0.021086
1	-0.022152
1	0.0022567
1	0.13534
1	0.1762
1	-0.0333
1	0.16089
1	0.27601
1	0.15098
1	0.11738
1	0.042131
1	0.48578
1	0.1561
1	-0.11074
1	0.12314
1	0.2154
1	-0.053491
1	0.02012
1	0.14436
1	0.12533
1	0.16471
1	0.22719
1	0.06566
1	0.15035
1	0.24878
1	0.016555
1	0.21769
1	0.053451
1	0.09211
1	0.17454
1	0.25967
1	0.21929
1	-0.034128
1	-0.014126
1	-0.0075501
1	0.049381
1	-0.071084
1	-0.023373
1	0.042573
1	-0.0024625
1	0.0040641
1	0.14471
1	0.20247
1	0.1808
1	0.18521
1	0.1001
1	0.14759
1	0.0028819
1	0.02637
1	0.36908
1	0.20146
1	-0.00089638
1	0.11934
1	0.027959
1	-0.052993
1	0.025592
1	-0.34185
1	0.10557
1	-0.0061802
1	-0.055997
1	0.11032
1	0.15212
1	0.15771
1	-0.14508
1	-0.1746
1	0.075355
1	0.082052
1	0.21956
1	0.22886
1	-0.014145
1	0.32862
1	0.6593
1	0.14913
1	-0.13438
1	0.20549
1	0.090285
1	0.068033
1	0.17908
1	0.33828
1	0.091187
1	0.11016
1	0.29816
1	0.061014
1	-0.22036
1	0.033197
1	0.2434
1	0.27294
1	0.08677
1	0.28013
1	0.37202
1	0.16537
1	0.26132
1	0.052951
1	0.069063
1	0.26164
1	0.231
1	0.29532
1	0.17412
1	0.211
1	0.40606
1	0.57551
1	0.30047
1	-0.064023
1	-0.13318
1	0.039562
1	0.012068
1	-0.031537
1	-0.02926
1	-0.023685
1	-0.08668
1	0.12318
1	0.082473
1	0.19482
1	0.10576
1	0.056064
1	0.1022
1	0.15504
1	0.089645
1	0.39649
1	0.08904
1	-0.02438
1	0.091804
1	0.15742
1	-0.033207
1	0.052985
1	0.20983
1	0.055778
1	-0.015285
1	0.072652
1	0.12564
1	0.17374
1	0.036321
1	-0.0068351
1	0.016136
1	0.039034
1	0.065739
1	0.19662
1	-0.098541
1	-0.092597
1	0.2056
1	0.20599
1	-0.12626
1	0.23683
1	0.040337
1	-0.01341
1	0.15458
1	0.030968
1	0.002257
1	0.098365
1	0.019463
1	-0.068932
1	0.09542
1	0.023374
1	0.092033
1	0.042865
1	0.12276
1	0.075687
1	0.34639
1	0.078522
1	0.028472
1	0.3304
1	0.19498
1	0.19196
1	0.39819
1	0.086039
1	0.014051
1	0.028028
1	0.054246
1	0.41689
1	0.087353
1	0.032537
1	0.28101
1	0.011985
1	0.3733
1	0.4581
1	0.1464
1	0.0096752
1	0.071513
1	-0.051363
1	0.16733
1	0.198
1	0.22115
1	0.22116
1	0.15966
1	0.26556
1	0.16982
1	0.012208
1	-0.039929
1	0.046128
1	-0.0054306
1	0.1528
1	0.086015
1	0.044155
1	0.10427
1	0.23779
1	-0.040431
1	0.080416
1	0.16956
1	-6.3934e-18
1	0
1	0.038424
1	-0.017736
1	-3.7446e-19
1	5.664e-19
1	-1.483e-18
1	0.20458
1	-0.00018887
1	4.2926e-05
1	0.065746
1	0.13032
1	0.15323
1	0.1851
1	0.17975
1	0.37423
1	0.44167
1	0.049355
1	0.33286
1	0.45184
1	0.11302
1	-0.0052904
1	0.2796
1	0.081045
0	0.26829
0	0.2293
0	-0.0066335
0	-0.0097928
0	0.020926
0	0.16016
0	0.027951
0	-0.014263
0	-0.00014422
0	-0.052958
0	-0.076202
0	-0.049507
0	-0.013296
0	0.19613
0	0.064335
0	0.20542
0	-0.046711
0	0.39622
0	0.010262
0	0.084833
0	-0.016508
0	0.018536
0	-0.058311
0	-0.01043
0	-0.08929
0	0.1002
0	0.08271
0	0.05836
0	0.022285
0	-0.16367
0	0.26876
0	0.069715
0	0.14033
0	0.092755
0	0.41846
0	-0.065324
0	-0.0013335
0	0.0071172
0	0.018259
0	0.011511
0	0.1949
0	0.012058
0	-0.038184
0	-0.046623
0	-0.013798
0	0.096692
0	0.039847
0	-0.033433
0	-0.0078568
0	0.062678
0	0.32942
0	0.10755
0	-0.014215
0	0.17149
0	-0.12133
0	0.099531
0	-0.052478
0	0.29519
0	1.1451e-05
0	0.079229
0	-0.023035
0	-0.033862
0	-0.0076752
0	-0.024773
0	0.37097
0	0.052085
0	-0.031981
0	-0.00092893
0	-0.035739
0	0.11089
0	-0.037698
0	0.016076
0	0.10452
0	0.058148
0	0.012988
0	0.14678
0	-0.033252
0	0.057397
0	-0.040812
0	0.021556
0	0.030268
0	0.11573
0	0.24362
0	-0.046507
0	0.12914
0	-0.11013
0	0.059846
0	0.28924
0	-0.061156
0	0.0023638
0	-0.061092
0	-0.031622
0	0.078104
0	0.02828
0	0.097819
0	0.069606
0	-0.039318
0	0.043714
0	0.074623
0	-0.066477
0	-0.03417
0	0.079289
0	-0.030253
0	0.10508
0	0.0030093
0	0.11228
0	-0.048096
0	0.0038599
0	-0.00098786
0	0.051036
0	0.10794
0	0.078806
0	-0.0602
0	0.31939
0	-0.068329
0	0.34832
0	-0.014429
0	-0.041818
0	0.079221
0	0.062979
0	-0.086372
0	0.24356
0	-0.0098471
0	0.035014
0	0.020539
0	-0.13485
0	0.30558
0	0.066952
0	0.27165
0	0.3097
0	-0.011483
0	-0.12853
0	0.18961
0	0.40883
0	0.17378
0	0.074668
0	0.15532
0	-0.025691
0	0.32051
0	-0.2172
0	-0.11053
0	0.030172
0	0.022547
0	0.088745
0	0.075877
0	-0.01798
0	0.053973
0	0.076041
0	-0.02562
0	0.070925
0	-0.00066122
0	-0.018919
0	0.079176
0	-0.08709
0	-0.0056932
0	0.084882
0	-0.1159
0	-0.014607
0	0.15056
0	0.074205
0	0.40652
0	0.045265
0	0.11487
0	0.27989
0	-0.081755
0	0.3642
0	0.15781
0	0.26747
0	-0.022252
0	0.14376
0	0.033024
0	-0.13091
0	0.056736
0	-0.017451
0	0.074699
0	-0.0067223
0	1.2489e-19
0	-0.056469
0	0.032865
0	-0.039216
0	0.038966
0	-0.048511
0	-0.13905
0	-0.085181
0	0.16439
0	0.065085
0	-0.026081
0	-0.03074
0	-0.11406
0	0.22421
0	0.10571
0	-0.07175
0	-0.0047799
0	0.1427
0	-0.041746
0	0.082522
0	0.01979
0	0.077226
0	-0.014316
0	-0.047965
0	0.24905
0	-0.0093459
0	0.19088
0	0.015606
0	-0.0091047
0	0.046337
0	0.01487
0	0.058668
0	0.33205
0	0.22975
0	-0.012983
0	0.084242
0	0.1181
0	-0.13317
0	0.077934
0	-0.1329
0	-0.050184
0	0.25012
0	0.13316
0	-0.14091
0	0.14121
0	-0.026227
0	0.098742
0	-0.054575
0	0.10035
0	0.066571
0	0.12719
0	-0.012241
0	0.31457
0	-0.076399
0	0.0015977
0	-0.040793
0	0.2615
0	-0.077367
0	0.16177
0	-0.11087
0	0.11245
0	0.070153
0	0.033797
0	0.32998
0	0.15501
0	0.062417
0	-0.040363
0	0.10862
0	-0.012808
0	0.018284
0	-0.10411
0	-0.012068
0	0.12902
0	0.21931
0	-0.015282
0	0.18835
0	0.011513
0	-0.11364
0	0.17465
0	-0.0259
0	0.10173
0	0.12649
0	0.1588
0	0.1763
0	0.018496
0	0.0021314
0	-0.055925
0	0.085704
0	0.13534
0	-0.036128
0	0.014776
0	0.16233
0	0.017955
0	-0.06671
0	-0.06561
0	0.14559
0	-0.2214
0	0.0080896
0	0.11212
0	0.13481
0	0.13921
0	0.17346
0	-0.15634
0	-0.0051854
0	0.16664
0	0.040328
0	0.12263
0	0.11012
0	0.10883
0	-0.047781
0	-0.049401
0	0.059426
0	0.068164
0	-0.10559
0	0.34678
0	0.17489
0	0.083721
0	0.011669
0	0.1063
0	0.033282
0	-0.054359
0	0.10198
0	-0.10748
0	-0.065984
0	-0.043784
0	-0.076819
0	0.089506
0	-0.096163
0	-0.017781
0	0.15299
0	0.087984
0	0.11823
0	0.017059
0	0.14981
0	0.32174
0	-0.0095582
0	-0.15996
0	0.04396
0	0.15699
0	0.19077
0	-0.11759
0	-0.10407
0	0.054493
0	0.29749
0	0.10733
0	0.24371
0	0.18462
0	0.43181
0	-0.095522
0	0.0022384
0	0.37111
0	-0.008766
0	0.38763
0	-0.012947
0	0.10715
0	0.024457
0	-0.043575
0	0.20381
0	0.10927
0	0.17146
0	0.09988
0	0.14845
0	0.030092
0	-0.12422
0	0.093135
0	-0.14201
0	0.063843
0	0.028109
0	0.1672
0	0.041203
0	0.24336
0	0.13247
0	-0.11869
0	0.067861
0	-0.010404
0	0.017303
0	-0.046818
0	0.084483
0	-0.1912
0	0.041788
0	0.19185
0	0.37989
0	-0.019247
0	0.47798
0	0.033003
0	0.050179
0	-0.07902
0	-0.025859
0	-0.094334
0	-0.014088
0	0.067074
0	0.27537
0	0.10743
0	0.081612
0	0.022085
0	-0.087718
0	-0.057073
0	0.11017
0	-0.029595
0	0.2626
0	-0.083044
0	-0.13489
0	-0.077886
0	0.20983
0	0.18973
0	0.12703
0	-0.093905
0	0.27395
0	0.14029
0	-0.091769
0	0.043823
0	-0.069475
0	0.053083
0	0.0057436
0	0.18624
0	-0.03068
0	0.16018
0	0.085737
0	-0.081688
0	0.080604
0	-0.15647
0	0.03355
0	0.076431
0	0.28301
0	0.024337
0	0.0484
0	-0.046381
0	0.00054171
0	0.072032
0	0.19347
0	-0.086764
0	0.0080923
0	-0.054968
0	0.13252
0	-0.065794
0	0.042864
0	-0.0094909
0	0.21383
0	0.024204
0	0.092945
0	0.0090803
0	-0.016801
0	-0.028519
0	-0.11561
0	0.11984
0	0.35266
0	0.056782
0	0.14429
0	0.46244
0	-0.037527
0	0.12847
0	0.01082
0	0.076189
0	0.052063
0	0.030958
0	-0.057837
0	0.14173
0	0.15458
0	0.066064
0	0.13737
0	0.0073565
0	-0.03411
0	0.11216
0	0.069576
0	-0.16148
0	-0.043906
0	0.050416
0	0.053001
0	0.039456
0	0.069323
0	-0.17073
0	0.046236
0	0.14734
0	-0.048136
0	0.13067
0	-0.13029
0	0.012429
0	-0.12786
0	0.10731
0	0.17966
0	-5.3372e-05
0	0.097655
0	0.16821
0	0.12321
0	-0.0094382
0	-0.07054
0	-0.1679
0	0.18289
0	0.14152
0	-0.067468
0	-0.02006
0	-0.09135
0	0.1145
0	-0.025036
0	0.048129
0	0.35218
0	0.087962
0	0.036799
0	0.076183
0	0.16655
0	0.53422
0	0.20402
0	-0.0075228
0	0.05781
0	0.30251
0	0.061535
0	-0.021028
0	-0.1485
0	-0.027622
0	0.21508
0	0.034842
0	-0.11217
0	-0.014914
0	0.14623
0	-0.019131
0	0.1277
0	0.080199
0	0.33489
0	0.060626
0	0.4142
0	0.20978
0	0.039484
0	0.19803
0	0.016343
0	-0.00050673
0	0.011655
0	0.012049
0	-0.0013205
0	0.040859
0	-0.008622
0	-0.036004
0	-0.044157
0	0.08592
0	-0.0013815
0	-0.0073188
0	-0.020404
0	0.0073399
0	-0.10348
0	-0.059202
0	0.31619
0	-0.15977
0	0.089739
0	0.10602
0	-0.041038
0	0.10536
0	0.046331
0	0.12103
0	0.1213
0	0.22111
0	0.12995
0	0.3675
0	0.12701
0	0.12803
0	-0.043143
0	0.057859
0	0.14157
0	0.011315
0	0.095937
0	-0.04534
0	0.34935
0	0.12593
0	-0.01817
0	-0.011258
0	0.049782
0	0.071484
0	-0.039225
0	0.0541
0	-0.091135
0	0.026486
0	-0.0054921
0	0.30107
0	0.12186
0	0.12128
0	0.012953
0	-0.022491
0	-0.00083789
0	0.0995
0	0.11741
0	0.13557
0	-0.042188
0	-0.01993
0	0.060576
0	-0.099432
0	0.0025947
0	0.00061731
0	-0.0090413
0	-0.016561
0	-0.025566
0	0.080442
0	-0.11718
0	-0.057392
0	-0.045863
0	-0.029277
0	-0.010346
0	0
0	0.036721
0	-0.096377
0	0.045401
0	-0.06605
0	0.16431
0	0.35402
0	0.0108
0	-0.026566
0	0.030584
0	0.045989
0	-0.013371
0	0.11894
0	0.097091
0	0.038296
0	0.030774
0	0.092191
0	-0.084053
0	-0.079751
0	0.18513
0	0.21708
0	-0.017139
0	0.18971
0	-0.0074814
0	-0.004545
0	-0.057367
0	0.078572
0	0.097112
0	0.29041
0	0.089788
0	0.24227
0	0.097455
0	-0.095715
0	-0.10708
0	0.0070432
0	0.014512
0	-0.16779
0	0.14352
0	0.01837
0	0.16807
0	-0.10179
0	0.11121
0	0.086574
0	0.13179
0	0.15575
0	0.03807
0	-0.01156
0	0.0045847
0	-0.0043094
0	0.070131
0	0.078028
0	0.1741
0	0.074996
0	-0.24919
0	0.086811
0	-0.0238
0	-0.21472
0	-0.12018
0	0.03646
0	-0.012119
0	0.29367
0	0.039618
0	0.3184
0	0.021613
0	0.13324
0	-0.078196
0	0.032564
0	0.1006
0	-0.057821
0	0.057951
0	0.039132
0	0.025029
0	0.035433
0	-0.03811
0	-0.15358
0	0.027416
0	0.060332
0	-0.18565
0	0.19871
0	-0.065882
0	0.049847
0	0.043991
0	-0.011665
0	0.0063895
0	-0.076982
0	0.24012
0	-0.030581
0	0.059259
0	0.28519
0	-0.01284
0	0.0033651
0	0.048531
0	-0.13319
0	0.01554
0	-0.15351
0	-0.033255
0	-0.12301
0	0.014468
0	0.070915
0	-0.056592
0	-0.021119
0	-0.038224
0	-0.080078
0	0.077605
0	-0.17905
0	0.25497
0	0.0010831
0	0.083347
0	0.013977
0	0.07151
0	0.11021
0	-0.018422
0	0.013372
0	-0.031704
0	0.066732
0	0.12957
0	0.02978
0	0.00034905
0	-0.084754
0	0.13013
0	0.037595
0	-0.011592
0	0.29672
0	0.014704
0	0.051046
0	0.32002
0	-0.14559
0	0.012531
0	0.23484
0	0.2189
0	-0.083918
0	0.096402
0	-0.089212
0	0.086028
0	0.0098841
0	0.017644
0	0.025704
0	-0.00093887
0	0.018664
0	0.047516
0	-0.08006
0	-0.38861
0	-0.0060473
0	0.055775
0	0.012153
0	-0.038069
0	-0.015348
0	-0.0061175
0	-0.21491
0	-0.017075
0	0.034014
0	0.30586
0	0.20599
0	0.10493
0	-0.17095
0	0.064852
0	0.43752
0	0.034897
0	0.14044
0	-0.064706
0	0.28301
0	-0.094395
0	-0.14063
0	0.38622
0	-0.10486
0	0.01975
0	-0.07953
0	-0.011539
0	-0.0249
0	-0.083339
0	0.045234
0	0.10433
0	0.013312
0	-0.075883
0	0.050504
0	-0.10986
0	0.14679
0	0.060382
0	-0.090501
0	0.14558
0	0.204
0	0.15592
0	0.19119
0	0.22645
0	0.19386
0	0.38252
0	0.07225
0	-0.20825
0	0.27679
0	0.32591
0	-0.064181
0	-0.090169
0	-0.10903
0	-0.11026
0	-0.038504
0	0.090614
0	-0.15156
0	0.050781
0	-0.099774
0	0
0	0.17647
0	0.12105
0	0.084086
0	0.060276
0	0.24206
0	-0.043693
0	0.21876
0	-0.08246
0	0.19586
0	-0.077675
0	0.053987
0	-0.10579
0	0.097623
0	0.16879
0	-0.02346
0	0.36474
0	-0.027213
0	0.056133
0	-0.00036406
0	0.10246
0	0.065398
0	-0.10358
0	0.1594
0	-0.10148
0	0.020475
0	0.091714
0	0.046478
0	0.055061
0	0.20368
0	-0.12032
0	0.0021954
0	0.031233
0	-0.16831
0	-0.10731
0	0.073634
0	0.0091865
0	-0.078805
0	-0.036208
0	0.091302
0	-0.1494
0	0.048673
0	0.03766
0	-0.042223
0	0.052686
0	-0.037265
0	0.12238
0	-0.13723
0	-0.032646
0	0.037779
0	0.014597
0	0.095148
0	0.049874
0	0.22306
0	-0.051458
0	0.12264
0	-0.050286
0	0.35741
0	-0.032882
0	0.14089
0	0.024941
0	-0.041886
0	0.030055
0	0.071372
0	0.13618
0	-0.11339
0	-0.14742
0	-0.060576
0	-0.00080714
0	0.16668
0	0.15841
0	0.036476
0	-0.03748
0	-0.031296
0	-0.043331
0	0.287
0	0.15086
0	0.069483
0	-0.062175
0	0.05373
0	-0.01886
0	-0.0037115
0	0.18357
0	-0.026697
0	-0.060515
0	-0.0042591
0	0.24226
0	-0.0082277
0	0.098437
0	-0.045926
0	-0.1732
0	0.23351
0	0.11068
0	0.0027788
0	0.18142
0	0.065543
0	0.025125
0	-0.0059287
0	0.00041949
0	0.21403
0	0.089611
0	-0.11984
0	0.00046424
0	-0.057359
0	0.18797
0	0.089324
0	0.10765
0	0.062385
0	0.027958
0	0.22469
0	-0.055364
0	-0.096219
0	-0.01037
0	0.15952
0	-0.073273
0	0.02032
0	-0.0060664
0	0.019474
0	0.015896
0	0.077973
0	0.14494
0	0.027399
0	-0.009212
0	0.0028718
0	-0.010369
0	0.092437
0	0.0031534
0	0.31154
0	0.097542
0	0.012063
0	-0.0080554
0	-0.11983
0	0.14013
0	0.28477
0	0.094671
0	-0.018672
0	-0.12045
0	0.05091
0	0.32941
0	0.35453
0	-0.029309
0	0.26243
0	0.23228
0	-0.062394
0	0.11841
0	0.42546
0	-0.052093
0	-0.05368
0	0.1392
0	-0.040457
0	0.14113
0	-0.012922
0	0.035776
0	-0.072432
0	0.056764
0	-0.032692
0	-0.1305
0	0.1873
0	0.10359
0	0.18794
0	0.16855
0	0.060288
0	0.54813
0	0.090728
0	0.082731
0	0.022479
0	-0.020002
0	-0.22207
0	-0.044264
0	0.13585
0	0.010424
0	0.049994
0	0.39074
0	0.34396
0	-0.11082
0	0.13809
0	-0.034497
0	0.068263
0	-0.041358
0	0.0036393
0	-0.041841
0	0.19086
0	0.3661
0	-0.047048
0	0.04285
0	-0.32006
0	0.24925
0	0.28094
0	0.1631
0	0.21569
0	0.076641
0	-0.03919
0	-0.0047021
0	0.21207
0	-0.069983
0	-0.21179
0	0.061454
0	0.054725
0	-0.017896
0	0.49309
0	-0.092523
0	-0.11333
0	0.017441
0	-0.047911
0	0.055518
0	0.075466
0	-0.0052552
0	0.067839
0	0.042807
0	-0.024447
0	0.43501
0	0.18972
0	-0.041459
0	0.17745
0	-0.19019
0	-0.1291
0	-0.19172
0	-0.11541
0	0.017029
0	-0.12347
0	-0.026656
0	0.077138
0	0.10037
0	-0.048508
0	0.025247
0	0.21237
0	0.021951
0	0.10754
0	-0.10155
0	-0.16122
0	0.047837
0	0.12161
0	0.25805
0	0.044138
0	-0.055158
0	-0.023373
0	0.038421
0	0.0093774
0	-0.20898
0	0.14555
0	0.034855
0	0.1508
0	0.22487
0	0.12983
0	0.090734
0	-0.32058
0	0.30193
0	0.083807
0	0.038096
0	0.15633
0	0.35503
0	0.014978
0	0.033892
0	0.16849
0	0.60634
0	-0.019478
0	0.11085
0	0.33197
0	0.059504
0	0.036359
0	0.40566
0	0.074836
0	-0.022429
0	0.19243
0	0.066597
0	0.22743
0	0.3255
0	0.11902
0	0.003932
0	-0.0089026
0	-0.036698
0	-0.18235
0	0.17998
0	-0.027847
0	0.0062045
0	0.074472
0	0.0214
0	0.0029562
0	-0.031978
0	0.25835
0	-0.041986
0	-0.0088849
0	0.15542
0	-0.22046
0	0.0023788
0	0.18461
0	0.094099
0	-0.061302
0	0.24151
0	0.20422
0	0.020431
0	0.098555
0	0.012082
0	-0.0070918
0	0.009611
0	0.038304
0	0.094766
0	-0.20528
0	0.024546
0	0.052384
0	0.011612
0	0.22707
0	0.084948
0	-0.087198
0	-0.056614
0	-0.15099
0	-0.022208
0	0.062664
0	0.080031
0	-0.1668
0	0.11131
0	0.053687
0	0.047762
0	0.072829
0	-0.020468
0	-0.061872
0	-0.03256
0	0.56302
0	0.0017857
0	0.03876
0	0.012385
0	0.0067822
0	0.035221
0	-0.10051
0	-0.062395
0	0.18059
0	0.1208
0	-0.083172
0	0.2258
0	0.033765
0	0.0074848
0	-0.006778
0	0.32849
0	0.050319
0	0.011022
0	0.13744
0	0.074254
0	-0.066439
0	0.043786
0	0.11709
0	0.030063
0	-0.048742
0	-0.15357
0	0.0042619
0	-0.065783
0	-0.052583
0	-0.032488
0	0.097584
0	0.15294
0	-0.0485
0	-0.078161
0	0.087431
0	0.0030316
0	0.35818
0	0.098252
0	0.17556
0	0.25
0	-0.12065
0	-0.078548
0	-0.024306
0	0.2128
0	0.071646
0	0.30182
0	0.20633
0	-0.12558
0	0.07731
0	0.024886
0	-0.11521
0	0.0087894
0	0.10797
0	0.089157
0	0.10077
0	0.20526
0	0.063706
0	0.29564
0	0.11003
0	-0.13168
0	-0.10455
0	0.055867
0	0.027437
0	0.12832
0	-0.067631
0	0.028009
0	-0.11392
0	0.020833
0	0.0012922
0	-0.14567
0	-0.035855
0	-0.18433
0	-0.037058
0	0.084496
0	0.2555
0	-0.061233
0	-0.020714
0	-0.016632
0	0.15134
0	-0.051062
0	0.11941
0	0.062025
0	0.05141
0	0.075834
0	-0.063037
0	0.035549
0	0.087762
0	0.047845
0	0.17146
0	-0.004473
0	0.089675
0	-0.003398
0	0.040997
0	-0.045747
0	0.15965
0	0.18931
0	-0.19247
0	-0.072595
0	-0.0063875
0	0.11982
0	0.031719
0	-0.032926
0	-0.12166
0	0.0023126
0	0.24987
0	0.21164
0	0.19766
0	0.1532
0	0.21953
0	0.14892
0	0.035187
0	0.064852
0	0.037309
0	0.0015913
0	-0.073919
0	0.055566
0	-0.11231
0	0.1665
0	0.032937
0	0.081178
0	0.030865
0	0.010388
0	0.039535
0	2.8499e-19
0	0.1881
0	0.13472
0	0.073568
0	0.046084
0	0.027752
0	-0.1689
0	-0.0038158
0	0.11981
0	-0.003226
0	0.32206
0	0.41214
0	-0.073377
0	-0.041313
0	0.21261
0	-0.026811
0	0.0069394
0	-0.016784
0	-0.11427
0	-0.044552
0	0.21692
0	0.00061279
0	-0.042032
0	-0.088442
0	0.11522
0	-0.032819
0	0.21617
0	0.22653
0	0.090022
0	0.23102
0	-0.17883
0	-0.0043797
0	-0.21618
0	0.041798
0	-0.14074
0	-0.1044
0	-0.14034
0	0.002749
0	-0.088491
0	0.055153
0	0.025783
0	-0.013078
0	0.025313
0	-0.021058
0	-0.073492
0	-0.030912
0	0.069467
0	0.28419
0	0.26667
0	-0.13201
0	0.062367
0	-0.061884
0	-0.17377
0	0.048353
0	0.33282
0	0.00088868
0	0.0088569
0	-0.0051337
0	-0.052476
0	0.21344
0	-0.031758
0	-0.0080642
0	-0.25043
0	0.11345
0	0.023661
0	0.14689
0	-0.055004
0	0.075284
0	0.18904
0	0.26523
0	0.10196
0	-0.058465
0	0.0071558
0	0.121
0	0.072901
0	0.011522
0	0.10155
0	-0.034945
0	-0.14107
0	-0.047687
0	0.012484
0	9.6595e-05
0	0.13276
0	0.1412
0	0.12742
0	0.0060907
0	0.10939
0	0.13056
0	0.052209
0	0.058975
0	-0.043564
0	0.0092114
0	0.097748
0	0.0085181
0	0.0055471
0	0.0074694
0	-0.036186
0	0.063862
0	0.097448
0	-0.046924
0	-0.070273
0	0.21734
0	0.071387
0	-0.10244
0	-0.16746
0	-0.24765
0	0.0055311
0	-0.044827
0	0.16272
0	0.16272
0	0.16709
0	0.035287
0	0.26666
0	0.35087
0	-0.030813
0	0.2021
0	-0.063211
0	0.046419
0	-0.10925
0	0.11302
0	0.21568
0	-0.030161
0	0.039205
0	-0.0096482
0	0.38088
0	0.017807
0	0.099911
0	0.11568
0	0.24547
0	0.026765
0	0.062914
0	-0.049523
0	-0.11552
0	0.24012
0	-0.026297
0	-0.358
0	0.25284
0	-0.05254
0	0.077624
0	0.010869
0	-0.13547
0	-0.1098
0	0.025629
0	-0.031538
0	0.168
0	0.32174
0	-0.039093
0	0.12595
0	-0.088474
0	0.13966
0	0.24571
0	0.15765
0	0.06491
0	0.091301
0	0.041667
0	0.11283
0	0.34255
0	0.008303
0	0.55552
0	-0.046428
0	-0.0055866
0	0.32685
0	0.043606
0	0.088845
0	-0.094497
0	0.14657
0	0.043778
0	0.04443
0	0.029199
0	0.26911
0	0.064499
0	-0.0042589
0	-0.0084949
0	-0.16132
0	0.098127
0	-0.021699
0	0.022454
0	0.14776
0	-0.022033
0	-0.017251
0	0.060988
0	-0.11378
0	0.057276
0	0.066006
0	0.041191
0	0.00060441
0	-0.044726
0	0.060492
0	0.012401
0	0.015042
0	0.10397
0	0.40233
0	0.14381
0	0.00096338
0	0.0064048
0	-0.097822
0	-0.00039312
0	0.048056
0	0.14391
0	0.11513
0	0.03464
0	0.026928
0	-0.053919
0	0.10565
0	0.33467
0	0.17517
0	0.060042
0	0.011612
0	0.37313
0	-0.1163
0	-0.074692
0	0.15244
0	4.3334e-05
0	0.15546
0	-0.090838
0	0.05971
0	0.065291
0	-0.0071509
0	3.9791e-19
0	-0.029247
0	-0.013668
0	0.40421
0	0.40633
0	0.28396
0	0.016845
0	0.19351
0	0.026278
0	0.20339
0	0.11917
0	0.23333
0	-0.03791
0	0.10734
0	-0.054843
0	0.16762
0	0.1665
0	0.10453
0	0.0098937
0	0.056119
0	0.025826
0	0.1024
0	-0.054006
0	0.068237
0	0.32434
0	-0.16975
0	-0.055141
0	0.013825
0	0.36696
0	-0.058173
0	0.077363
0	-0.027951
0	0.051814
0	0.24193
0	0.086619
0	-0.15737
0	0.095183
0	0.03045
0	0.26293
0	0.022834
0	0.35268
0	0.18994
0	-0.021678
0	0.25821
0	0.23031
0	-0.14797
0	-0.018416
0	0.0022577
0	0.14381
0	-0.059298
0	-0.0011403
0	0.11724
0	0.047184
0	-0.047526
0	0.044974
0	-0.16739
0	0.074504
0	-0.035133
0	0.11948
0	-0.011379
0	0.09424
0	-0.036652
0	0.10912
0	-0.097666
0	0.05124
0	-0.1436
0	0.15107
0	0.054444
0	0.016896
0	0.0025241
0	-0.28943
0	-0.089803
0	0.093654
0	-0.071843
0	0.10169
0	-0.023768
0	0.18464
0	0.016119
0	-0.053856
0	-0.000673
0	0.13298
0	0.14235
0	0.18352
0	0.16108
0	0.033911
0	0.0044933
0	0.035832
0	0.088304
0	0.054341
0	0.065531
0	0.10591
0	-0.1434
0	0.0532
0	0.038699
0	-0.066649
0	0.2059
0	-0.12507
0	0.069457
0	0.084165
0	-0.15717
0	0.1351
0	0.13194
0	0.043289
0	0.14328
0	-0.044659
0	0.02189
0	-0.06298
0	0.051965
0	0.29709
0	-0.23759
0	-0.081614
0	-0.017051
0	0.37401
0	-0.13189
0	0.22919
0	-0.24089
0	-0.15696
0	-0.015816
0	-0.069001
0	-0.059411
0	-0.024923
0	0.15683
0	0.35717
0	-0.13309
0	-0.0071313
0	0.14714
0	-0.0020667
0	-0.074079
0	0.0018046
0	0.31374
0	-0.044089
0	0.037196
0	0.21162
0	0.21497
0	0.095884
0	-0.10997
0	0.096478
0	-0.062841
0	0.091272
0	-0.06617
0	-0.048116
0	0.14288
0	0.046442
0	0.14512
0	0.092555
0	0.13121
0	-0.086135
0	0.013637
0	0.1977
0	0.089287
0	0.22347
0	-0.16046
0	-0.036438
0	-0.093776
0	-0.022775
0	0.16254
0	0.039307
0	0.0060382
0	-0.042589
0	0.036619
0	0.2173
0	-0.060728
0	-0.021005
0	0.047503
0	0.0071397
0	0.37668
0	0.13533
0	-0.12332
0	0.087387
0	0.01384
0	0.016656
0	0.05268
0	0.05057
0	0.11383
0	-0.10146
0	-0.0067269
0	0.031315
0	0.028773
0	0.032379
0	-0.024009
0	0.034299
0	-0.15131
0	0.051997
0	0.21767
0	0.065637
0	0.06773
0	-0.00047809
0	0.10917
0	-0.25352
0	0.029052
0	-0.0080597
0	0.001888
0	0.12485
0	-0.058683
0	0.16644
0	0.51351
0	-0.028542
0	-0.10313
0	0.12461
0	0.15546
0	0.030112
0	0.39614
0	0.15743
0	-0.10424
0	-0.01598
0	0.031836
0	0.083877
0	-0.080393
0	0.12091
0	-0.018806
0	-0.1434
0	0.014076
0	0.1469
0	-0.022121
0	0.030562
0	-0.010993
0	0.0081653
0	0.039692
0	-0.10659
0	-0.054892
0	0.0713
0	-0.15463
0	-0.043068
0	-0.043274
0	-0.036758
0	-0.077298
0	0.025316
0	-0.14888
0	0.22847
0	0.010214
0	0.24134
0	0.19543
0	0.030461
0	-0.080639
0	0.19643
0	-0.073099
0	0.033512
0	0.056711
0	0.11564
0	-0.16114
0	0.39926
0	0.013493
0	-0.062076
0	0.14758
0	-0.084846
0	0.31185
0	-0.0065157
0	-0.020141
0	-0.020542
0	0.082925
0	-0.085661
0	0.10156
0	-0.003146
0	0.2764
0	-0.073516
0	0.028518
0	0.13478
0	-0.015609
0	0.061436
0	-0.041617
0	0.2014
0	0.046428
0	-0.0193
0	0.14939
0	0.16139
0	-0.027799
0	0.2111
0	0.10969
0	0.026085
0	-0.14821
0	0.17418
0	-0.026574
0	-0.029737
0	-0.10854
0	0.25095
0	0.009156
0	0.12995
0	0.037224
0	-0.011266
0	0.087763
0	-0.025182
0	0.057298
0	-0.14445
0	0.27636
0	-0.031168
0	0.0066693
0	-0.050849
0	0.019374
0	0.042095
0	0.09187
0	0.047608
0	-0.21027
0	0.050825
0	-0.045729
0	0.11868
0	0.089655
0	0.011272
0	0.15649
0	-0.13668
0	-0.015647
0	0.035257
0	-0.093354
0	0.095906
0	0.16199
0	0.10975
0	0.0043808
0	0.23562
0	0.051274
0	0.033748
0	0.068084
0	0.12724
0	0.12624
0	0.061592
0	-0.080131
0	-0.025359
0	0.16816
0	-0.08896
0	-0.065048
0	-0.094832
0	0.12019
0	0.022538
0	0.10775
0	0.11134
0	-0.10055
0	-0.26557
0	0.012348
0	-0.00088587
0	0.057172
0	0.086007
0	0.1622
0	0.098148
0	-0.071892
0	0.012904
0	-0.012292
0	-0.046953
0	-0.066625
0	0.3416
0	-0.086841
0	0.37348
0	0.22802
0	-0.092754
0	-0.042852
0	0.33851
0	0.15571
0	0.10999
0	-0.035007
0	0.027487
0	0.089801
0	0.6254
0	0.048664
0	0.020297
0	-0.048827
0	0.31183
0	-0.026445
0	0.16968
0	-0.073541
0	0.038802
0	-0.07376
0	0.033726
0	0.037031
0	-0.0664
0	-0.054785
0	0.058388
0	0.18208
0	-0.055568
0	0.079131
0	0.042311
0	-0.054361
0	0.012362
0	0.12052
0	0.13157
0	-0.17377
0	-0.3311
0	0.028194
0	0.054339
0	-0.052768
0	-0.049358
0	-0.10208
0	-0.012614
0	-0.027196
0	-0.017855
0	-0.042854
0	0.13346
0	0.3637
0	0.086956
0	0.10628
0	-0.076385
0	0.16749
0	0.17769
0	-0.0062152
0	0.093284
0	0.12609
0	0.11566
0	0.033097
0	0.12045
0	0.038477
0	0.0763
0	0.07468
0	-0.0090709
0	-0.12141
0	0.023563
0	-0.050889
0	0.10961
0	0.27908
0	-0.015477
0	-0.10651
0	-0.048835
0	0.033256
0	-0.064501
0	-0.089295
0	0.13442
0	0.14868
0	0.45717
0	0.16433
0	-0.01825
